1465095
665013
1106110
723414
143090
863369
665461
909389
6290
265070
996547
957486
873247
4302
70557
132994
1060430
799703
62213
844582
1195783
1353125
513179
1024663
1134577
864001
864192
979941
69105
930356
996841
391022
1006229
997133
95863
863038
1663050
677074
41378
902803
999332
465596
401212
1247374
1166479
863512
994308
1424012
980241
1096862
864056
1111034
1663201
997202
1662616
1002219
1240574
1090960
398842
867922
997867
1243142
790728
732321
1329641
592208
865634
1119163
459387
1171083
1131059
877997
25133
930594
916016
542922
970193
1032155
1462900
243235
855061
997139
599648
1131416
878825
993551
1659648
199387
532452
598285
511319
1184707
1065555
929993
527705
33726
1663060
464821
1460486
265999
1462317
1091404
214151
266399
1017736
443575
132551
1595988
1197776
438198
996406
997488
637313
577289
661399
1531432
850067
864720
1662910
1664056
863229
665731
1184520
1197186
504480
1070386
22888
1091073
1151736
635614
1076021
816424
1228941
1065208
864689
976583
257454
859946
1530113
1663512
54223
1127712
1055386
