59081
138192
1551326
914182
1138724
911868
1608237
831895
1582538
1348110
59430
83372
1302329
1606416
970266
896856
1084162
1332500
828333
1607447
1301437
1496207
803646
887676
884672
1386287
1604864
865008
1597874
1386172
1600673
1607899
1602152
1379070
551632
861447
889155
967454
1604586
1608645
1300892
928103
1607729
1605451
886654
832249
272374
887235
937614
817814
744014
858677
1607150
1588136
1578783
828455
1606713
952932
1334535
905406
1609448
859366
1027722
1052467
1605826
1606226
888327
293088
850585
53679
1608298
915669
1438386
814929
808146
831238
580464
1604267
1302258
1608274
205884
1035802
1604313
1080445
1076619
962102
304724
876893
888041
863168
8209
888760
971165
32876
1055023
914929
916587
887564
238202
858438
221638
915197
886365
809858
22759
823428
1219110
829417
527147
902013
23511
970939
852022
893308
1053394
1025014
1055543
907594
258335
81459
1026253
916717
970379
484783
138797
1248280
66181
27789
24914
57618
27735
940839
861188
564585
942454
1597441
804211
1609197
48154
1026108
833808
1356497
862669
833702
760097
1051254
441487
377839
1147642
887483
71751
1030012
1163180
1561215
1273272
831724
971672
1608041
998665
830133
1601232
913381
1304039
1163204
1178349
1606480
1601575
1580930
996739
1424332
1363538
1277602
913938
965809
958106
1604974
943318
443312
525469
912973
1109553
1126180
940349
83574
1052287
792411
873525
1610160
917658
858702
1336991
828428
956895
889032
1082165
1239600
609837
1609002
281733
1051731
954363
31908
232423
1358043
