15246
726
54450
190938
843975
447216
810579
635250
967758
37389
821106
70059
106359
795696
785169
780450
767745
4719
830907
1462890
363
1220043
195657
11616
83853
1815
1123847
1131108
1013857
22506
178233
810942
1341647
6534
32307
839619
17424
819291
132858
103818
355377
279510
1062138
838530
810579
726
10890
997887
279510
777546
478434
1201893
49368
198561
71148
814208
165165
260271
5082
922383
847605
63162
1537305
861036
867207
810578
950334
27951
504933
894069
1537305
880275
838530
866481
955052
7260
363
792066
1034187
782628
83127
391314
820017
726
817839
1537305
763752
39204
760485
1517340
384054
1313696
1537305
1498827
1537305
1202982
1537305
825462
763026
1425501
218889
1534401
1536579
1397550
1509354
1515888
973203
363363
1521333
1498464
219252
1510806
744150
1536216
772464
826914
391314
27951
1313697
760848
120516
696234
1537304
1537305
759033
1537305
1010229
772827
719829
1520607
307461
838530
474804
894432
1537305
766293
1369599
756855
773190
1170311
781176
218163
26499
906048
881727
184404
1519881
548856
810579
972477
1521696
75141
55902
1537305
1537305
70785
1537305
1537304
810579
654852
1537305
931457
914034
838530
1090089
139755
1201893
1537305
1537305
1537305
882453
1537305
1537305
735801
1531860
1537305
1199715
1534764
921657
251559
1537305
1537305
782628
666831
1537305
856317
1006236
11979
819290
1537305
1514799
27951
1537305
894431
12342
808038
139755
139755
1537305
609477
778635
773916
1022571
955416
1537305
1535490
956505
1145991
190575
853776
763026
657756
1537305
1222947
1537305
99462
1534764
1537305
1514073
1537305
223608
841434
559383
1069034
903869
1369599
874104
779361
1537305
1512257
1537305
1537305
226149
1537305
803319
331782
83853
858495
1517703
670824
1173941
1537305
1518428
787347
1516251
1535853
1537305
45738
810579
1537305
278784
1537305
1537305
1537305
789525
1290465
740520
790251
6171
83853
1537304
1481403
1025112
609114
782991
1537305
759396
984456
1537305
882452
145563
850146
111804
1537305
1537305
1537304
410553
594957
669372
1513347
753225
478797
252285
1537305
1341648
1537305
1537305
742335
776094
27951
586971
782628
1537305
1328217
163350
7260
1537305
1526052
782628
1537304
1537305
810579
907500
55902
1537305
1128204
1145991
307461
749958
27951
901329
1529682
1526052
726726
771375
1491204
771012
1509353
6534
810579
1533675
522357
736527
610929
1536942
1517340
1430583
950334
1502818
1059960
391314
911492
1034187
820380
1033824
1254891
269346
1537305
779724
1537305
524898
88209
27951
193116
848694
809853
65703
1537305
1537305
1537305
1251987
1537304
1017489
3630
1537305
42471
205458
965943
1515433
27951
621093
1486848
733623
1515525
1537305
1003332
1537305
922019
860673
837078
352473
1490115
1507175
201828
1533312
1537305
1005873
111804
87483
802593
950334
767019
838530
540507
574629
1527141
922383
93654
1815
195657
