1186225
729731
857775
1587505
265914
926389
66642
1215178
1197691
1793946
957613
1099885
1794563
1720479
1550631
1598143
166885
1794109
483744
1673900
1137672
1375661
31543
620215
133082
1063960
1363237
444812
930774
122011
1795224
1452915
1528003
1793000
796747
1784838
1769628
1062346
266050
1414636
1401290
1794048
1728959
1339163
1129581
915170
1775478
1129563
1753734
1794655
930541
1072436
1099468
954759
49530
1746274
1794480
1729742
1201871
997138
1409297
1794319
1355024
1796346
1792726
466215
1300891
1022428
398721
1793316
1429610
199431
1793439
197143
977816
1764059
1770411
1114864
