505455
2246981
1443758
1453021
2139668
577819
1875463
1666744
2656332
1541116
17258
1725188
1768358
2182265
2382545
2770446
1135080
2360069
1678429
2513905
1627243
1941082
2434841
2515355
2570639
2714591
1413921
862705
1568778
1570100
2036602
1233783
1076543
1414362
1907536
1961146
2733743
1622192
1997361
1743130
1950120
1815082
1565511
1232387
1428574
1381492
1509291
1957154
1249670
1925288
936724
2298278
2665381
1422806
1383815
2053727
2760896
2410376
1938949
1451529
1787946
1762355
1589570
1921577
2700866
1958425
816415
1743280
1735205
1289756
2404908
1739937
2759543
1769826
2153342
628337
570441
1774767
1428245
1485968
2577075
2673907
1633610
