1902145
2715813
1744001
2740657
2323404
1916731
2030567
2774402
2472445
2758146
1902340
2823406
2630644
2215628
1064991
2511131
2558489
2387232
2229233
1707974
1898799
2481114
2246686
2774599
1490379
1803890
2547866
2333761
2840639
1790003
413322
1380350
1704716
1718750
2729553
2350882
2758132
56577
2744688
2820987
2102883
2589907
181210
2622165
2659557
2687123
2219510
2104931
2303607
1144054
1376625
1477051
2426261
1136408
2535511
2760952
1942726
2505087
2708131
2507653
1683586
1599030
2690886
2169396
1669578
2815370
1447811
835123
1495778
949151
2143323
1588564
2887734
1531041
