1631328
1340044
2282894
1682811
1544102
1808428
1716780
1488024
1135713
1425924
566830
1550636
2763223
2847332
284210
2315477
1416230
1745868
2829554
2320453
1427101
2639976
2682801
2791079
1286405
2226801
2268302
2515818
1093558
2851263
2289927
2353026
2798321
2919822
2850240
2288059
1704949
1253514
1503934
2714093
2260037
1428134
2900941
1939895
2219730
1508968
1293065
1545856
1538885
2793278
2783853
2523872
2110175
2852901
1988914
1464751
1449221
1714731
1664421
2512045
2002737
1150254
2847729
155709
2593315
1007798
1711013
2880152
2374365
1667688
2775048
1755982
1696171
2741256
1550427
2863939
2119857
2547858
1441631
1654888
1470047
2142541
2548605
2559896
1789206
1674831
2756357
2839185
2642269
2663078
2591641
1706490
1671971
2378186
2700730
2807853
2651473
2547497
3034876
1918141
2557166
2795778
1860641
2827718
2017078
1688803
2662520
2857595
1491726
2050511
2456951
1703163
2845370
1153922
2839526
1673580
2652253
1965207
2830363
337358
2412402
1210081
2819558
2631304
2804471
1431975
2771998
2537597
1694274
1315774
2908317
1628165
1358555
2482749
1507438
2560318
1999486
1708979
2862721
2508500
2472249
2826824
1205458
2379964
1941127
1546612
2584344
2278639
2691433
1578113
2871645
1718907
2002097
2352402
2921148
2484100
1947617
1766270
1463193
1514975
2680643
2852964
1987415
2851967
2670167
2645693
2723177
1875392
1494700
2295191
1916791
2757123
2581775
1244254
1680433
1792635
2642259
1563634
2831270
1943581
2616414
1332866
2360215
1303179
2607452
1957701
2472183
2660526
1645807
1214545
2774976
2858405
2750642
1479319
1991801
2167732
1298252
2759064
2543853
2294648
2814175
2723983
1219503
2523802
1496986
1176343
1510274
2778452
1441457
2782031
787500
2860496
1389948
1600177
2478720
2370766
2446300
2597252
2948446
1599190
2390909
2729194
2550723
2161388
2773641
2875119
2844862
2851423
1438526
2571831
2818367
2652150
1679758
1437847
1857808
2844358
2099008
287449
2613070
2196011
2590490
2786036
1280055
2015729
2974031
2774236
1443709
2180533
1697539
2347438
2838984
2620363
2285010
2764661
2773650
2493586
1992607
1270113
1583455
2751694
2597919
1110794
2677076
2765741
2154675
2845450
2075577
2783874
2749229
2629677
2841944
1279037
1905412
1731154
1150997
2862818
2675936
1877209
2758130
2555358
1482381
2823330
1694302
2348841
1725894
570803
1627494
2850088
2470503
1411343
2520910
2483424
2843277
2729855
1611189
54395
2833494
2642005
1534686
2596882
2781022
1701675
2819423
2616061
2674850
1571720
1730034
1970937
2681382
2853211
2643863
1396474
2827926
2663176
1854134
2604010
1319344
1548269
2822860
2848532
2851171
2623482
1727080
2319674
852288
2655222
1704807
2078932
2701995
2706697
1691301
1857608
2721124
2833577
2802392
2789881
2769559
2334540
2821344
111239
1788794
2867246
2558484
2793796
2001068
2552205
1638767
1929792
2762
96124
93625
89688
7017
92685
192584
