136000
48000
1000
583000
43000
27000
172000
1056000
45000
1188000
52000
1584000
39000
46000
924000
508000
396000
842000
384000
56000
1254000
418000
19000
1146000
142000
66000
834000
18000
49000
517000
857000
1518000
959000
1122000
858000
842000
1224000
51000
489000
924000
191000
994000
1103000
1579000
446000
1631000
69000
948000
201000
434000
192000
151000
924000
1211000
1584000
904000
254000
832000
566000
1313000
1584000
447000
1243000
1159000
1632000
208000
430000
1008000
1137000
1133000
1518000
858000
1612000
12000
1632000
1081000
283000
1626000
557000
1056000
762000
1056000
1385000
330000
533000
1584000
375000
858000
70000
1584000
288000
1169000
1056000
1632000
844000
838000
858000
1173000
924000
462000
775000
907000
933000
1119000
858000
855000
1352000
869000
121000
1105000
893000
198000
1489000
632000
928000
94000
57000
88000
792000
1056000
837000
1128000
468000
1135000
1102000
132000
605000
330000
232000
1419000
12000
1452000
