5207
26810
47331
47625
47679
47209
47555
47384
47352
47480
47362
47739
34036
51523
47728
47666
47577
47485
47518
47274
47408
47423
47642
33128
56507
47445
47205
47557
47289
47292
43615
47246
47421
49375
17541
51706
47688
47412
47490
47611
47640
20582
47376
47755
47556
47594
66165
47686
47539
47561
47273
47611
47346
43311
67185
47521
47607
47505
47562
47659
47276
47493
47531
47675
63771
47705
47360
47397
47437
47352
47623
47236
47513
47434
20738
47432
20726
47711
18553
47272
47676
46698
46564
47735
47323
47454
47424
47401
47659
43329
54538
47477
47482
47416
47754
47377
47606
45584
47566
47425
47702
47407
47554
47733
47605
47484
47535
47395
33967
47812
48508
37350
47438
72006
47558
55831
47237
47741
47204
50476
32112
47237
47263
47450
47516
47283
68172
47372
47536
47596
47500
47162
70355
75320
47269
63964
47629
47645
47733
60921
47480
51769
47611
47376
56884
47387
47587
47385
65141
47700
47660
27742
51914
65249
47519
47516
47579
29834
30810
20525
66044
27771
71440
56837
53652
47473
47549
47353
47614
47274
47740
47443
47573
47570
37293
47269
47433
47607
47308
47602
59190
47492
47481
47364
47430
47535
47639
47644
47451
47527
47235
47456
47521
47275
47405
47561
47533
47854
47115
47143
47588
47351
45465
47598
12358
47335
47688
47486
47560
47343
47586
45565
47607
13440
47350
47840
47642
47327
47506
47485
47462
47130
47655
47587
30040
47484
47640
47594
47275
47455
47454
47600
47247
47180
47793
