47904
47774
47982
48019
47979
47988
47908
47971
15823
47873
25985
70213
42660
44758
47888
17513
47952
48051
48142
48039
48012
55846
80343
48066
76763
79121
63523
60120
76494
47847
47946
47864
66485
76521
67438
47434
52081
48153
62598
41855
47927
48109
47909
52470
48097
47965
48045
47837
69759
47274
47961
47903
41531
48036
48531
48062
48034
47925
47939
47938
48076
48039
47839
47765
47803
48008
47857
47930
47925
76426
47932
48027
47886
48049
47904
44767
47995
47969
74749
47946
47928
47844
48014
47999
47904
47925
47851
47943
48014
48062
48030
47946
47859
47893
48032
47990
19290
45876
47993
74835
48116
48050
47724
46456
47893
48083
48022
62143
48034
47991
47883
63933
47953
47877
48105
47937
47927
47933
47818
47951
47991
48117
47894
48110
41556
48058
48044
47884
47888
47898
48048
47817
47880
18578
47945
47898
41610
75948
48126
47809
60915
47895
47917
47994
41320
47924
48119
47896
48109
70350
48061
47832
47972
47929
1394
48017
48011
47953
41311
47929
47855
47892
47877
48132
48121
48087
48040
48025
47790
48076
47938
47968
47915
48119
47978
48019
47954
47970
48093
59108
74028
47965
48051
48072
48152
47981
48159
48011
12290
48042
47952
47966
47862
47958
42733
47944
47922
47957
47849
47982
47884
47969
47699
48099
48014
47731
47980
47842
48004
48002
48067
26526
48102
45637
47870
48655
48059
47845
47979
48043
47989
48013
46177
47963
41876
48059
47801
48049
50460
48062
48061
