1320000
990000
66000
858000
1320000
1320000
1374000
66000
792000
726000
1320000
858000
1188000
1320000
1320000
726000
1320000
192000
1320000
804000
1320000
1320000
990000
1320000
1320000
1320000
990000
1320000
1359000
1350000
858000
1194000
1320000
990000
1248000
990000
1320000
1320000
1296000
1320000
1320000
858000
1320000
1029000
1320000
831000
1320000
93000
858000
1260000
1338000
1320000
132000
924000
1254000
528000
1320000
1188000
294000
618000
1320000
1128000
1320000
807000
1320000
1320000
1278000
669000
1320000
990000
858000
1254000
1320000
858000
861000
924000
1320000
66000
810000
978000
1320000
1320000
1056000
1320000
1320000
9000
72000
132000
1056000
330000
984000
1341000
66000
1188000
924000
1320000
858000
1320000
1320000
528000
774000
6000
1056000
198000
1320000
444000
1116000
792000
612000
1320000
780000
594000
462000
396000
1320000
66000
1320000
594000
1320000
1320000
534000
264000
738000
1119000
1320000
789000
1320000
396000
1320000
870000
636000
1122000
1002000
789000
1251000
1320000
30000
969000
1281000
828000
1236000
177000
66000
660000
141000
1320000
1320000
198000
924000
48000
762000
837000
264000
1320000
744000
