1661924
1931900
1931168
1932046
1931915
1796513
1597399
988072
1929115
1931336
132889
1332119
1139952
66655
47396
1931581
1266042
1532242
1398750
1131457
401334
1930318
1776712
666838
1931985
1478857
1930784
1000027
1396406
1932517
1929948
27548
86036
1930558
775486
1084269
1200245
1931852
1132272
1728955
998656
998372
108803
1684546
3103
998823
998860
1659451
1201348
1930907
532063
589004
1957096
1930535
1929739
1888063
1398064
1795550
1663346
838586
1891184
1011991
1530205
598514
47471
765913
931960
1264045
190453
1930606
995895
1695000
1271852
1032053
1952901
94321
1533316
1931868
1265541
1577372
864304
1931013
1929203
1931252
1933371
1931697
1930593
1928919
1930904
1598692
1065775
1931763
199445
1933231
1930417
1933150
132545
1691126
1009674
1929372
613636
1115566
467087
1464485
600440
54882
1933157
1932029
142026
801931
1928019
1390222
933145
1662083
1203827
47164
275064
3075
1930033
1939709
1199463
1398805
199425
95308
1469495
1229941
150237
665218
1928726
1064200
599995
1331186
66151
110630
731872
1065915
1266115
133355
1885842
1912478
1332075
1933566
1060612
944913
1389832
333140
1132813
1051757
1195221
