139000
1056000
1056000
1056000
343000
236000
714000
660000
2000
715000
1098000
565000
696000
396000
136000
42000
121000
250000
1056000
38000
1056000
264000
558000
1056000
1000
660000
641000
198000
264000
76000
1056000
20000
17000
120000
594000
204000
571000
594000
4000
264000
132000
22000
754000
858000
577000
1000
261000
211000
16000
726000
808000
562000
924000
396000
85000
660000
990000
6000
32000
66000
636000
261000
636000
1000
835000
658000
31000
792000
585000
1000
69000
299000
121000
254000
124000
28000
198000
397000
680000
120000
333000
594000
123000
630000
29000
111000
4000
688000
726000
942000
528000
66000
706000
560000
521000
612000
674000
66000
1056000
1056000
1047000
1056000
858000
1056000
1042000
1056000
1056000
1060000
1050000
1080000
1056000
1052000
545000
462000
1056000
749000
1056000
55000
1050000
455000
1056000
1056000
1097000
264000
594000
1056000
587000
1056000
792000
1056000
1053000
593000
1056000
687000
916000
1054000
800000
1051000
730000
132000
635000
1056000
1056000
1056000
131000
132000
990000
594000
720000
792000
594000
1076000
713000
305000
594000
594000
1056000
1097000
607000
1056000
1014000
1056000
1056000
549000
601000
1056000
712000
843000
1092000
1016000
887000
1056000
661000
1056000
1056000
990000
990000
388000
264000
594000
1041000
726000
701000
990000
601000
720000
1076000
627000
164000
731000
1056000
1056000
1056000
495000
198000
903000
1096000
824000
1056000
1056000
1056000
1068000
611000
660000
583000
1056000
1096000
792000
1056000
462000
1056000
1056000
1056000
1056000
501000
330000
1096000
858000
1056000
572000
1049000
1041000
1056000
726000
1056000
528000
1039000
792000
725000
1085000
1056000
880000
1083000
1048000
924000
652000
1056000
1056000
1070000
528000
1056000
892000
1056000
1094000
239000
726000
1064000
594000
66000
116000
132000
660000
542000
847000
726000
821000
1056000
801000
1056000
132000
1056000
1088000
785000
603000
1051000
878000
924000
1010000
582000
728000
1056000
1056000
858000
660000
1056000
55000
552000
963000
132000
28000
631000
1056000
1053000
851000
1056000
765000
319000
56000
663000
613000
594000
650000
990000
86000
660000
861000
376000
1056000
1056000
264000
2000
415000
482000
792000
528000
151000
2000
590000
644000
66000
727000
814000
792000
1097000
17000
198000
330000
264000
990000
158000
1078000
618000
594000
461000
1056000
524000
920000
675000
452000
881000
247000
149000
598000
809000
335000
383000
1025000
881000
1056000
668000
739000
990000
595000
646000
731000
297000
198000
645000
858000
558000
614000
605000
597000
887000
553000
578000
813000
588000
594000
