29426
43304
905447
28411
1860287
1863080
15794
1262234
16855
1859854
1861071
1722989
1198712
132888
70791
859215
1567960
18920
90906
1861431
332223
104360
237347
145927
580954
1529285
1793468
108318
1129871
420454
8463
3264
17938
342913
36766
1106833
66562
617721
1726704
266388
1413824
68887
5233
662181
861105
1528221
13821
1222982
97482
1289716
5239
1348293
13687
997276
1198853
1181427
731465
11488
66132
54790
66865
1345457
1320374
1719679
399261
930699
133196
107722
8511
1017073
1328778
410008
1171325
1367828
66386
987876
331470
7398
11511
1596085
837651
1859627
580190
930380
823024
132882
72861
171545
1063902
181563
133111
1010467
130382
1460929
1859619
18836
8349
