34000
837000
648000
1134000
1215000
1269000
999000
1107000
1053000
867000
945000
1215000
1053000
837000
1215000
837000
999000
135000
830000
833000
821000
999000
52000
27000
378000
972000
81000
540000
12000
1539000
1539000
999000
1460000
459000
621000
834000
27000
631000
891000
2000
112000
920000
783000
54000
891000
351000
1182000
783000
769000
1026000
256000
1508000
108000
20000
783000
4000
14000
52000
378000
808000
1539000
945000
78000
1338000
318000
783000
216000
236000
918000
594000
1539000
12000
1080000
918000
945000
972000
540000
999000
999000
891000
783000
1026000
891000
1105000
864000
837000
944000
1215000
837000
810000
972000
837000
1080000
783000
783000
837000
1161000
999000
783000
810000
972000
99000
27000
210000
537000
378000
864000
622000
351000
104000
829000
804000
162000
168000
27000
773000
698000
189000
882000
935000
38000
864000
864000
216000
783000
27000
902000
756000
80000
27000
873000
8000
54000
907000
783000
462000
791000
974000
250000
432000
618000
1011000
794000
378000
