1777698
970704
1770957
615357
1777698
1777697
1777698
1777698
1777698
1787327
460314
1777698
1777698
1777698
1777697
957222
68373
1272123
935073
980334
1777698
1777697
691434
1249011
1777698
1777697
957222
1829700
957222
1777698
1777698
1777698
1777698
1028484
478611
1777698
1777698
1777698
1777698
1777698
1777698
1777698
1711251
982260
1777698
69336
1186416
1093968
68373
1827774
260973
1777698
1762290
930258
1777698
1780587
1025595
1777698
1777698
1777698
957221
1777698
136746
104004
225342
476685
303345
1178712
1777697
1299087
1783476
1025595
529650
1777698
365940
1435833
1367460
1517688
1303902
757881
965889
546984
957222
956829
1498428
1777697
1674657
1777698
1777698
1777698
68373
