9206
178303
21939
6261
11595
6424
1035083
1228125
1162661
137628
868840
429429
9309
827046
523949
257519
957831
205010
495061
12501
1051174
1184735
1676652
1403253
682889
43248
2088
39642
12299
54059
18638
3116
614094
980974
1061874
68832
381347
975708
821317
1054
807619
1231319
205345
53292
955104
1680168
787800
830092
6323
915230
206581
762260
303705
71321
513107
4161
215668
703307
1096765
1712922
1161682
886911
1711506
1398620
1705643
1701352
1711163
135795
952551
1107618
722441
1675415
1232775
1716114
1535593
1668962
274877
32076
2091
3126
1310471
1066125
65933
8305
4241
8330
624133
377749
3090
220040
20963
3150
416920
16532
27155
867452
409910
1075813
408644
10400
