1828094
944775
1026827
1255418
1843455
1844993
1845265
1820605
1764638
1814812
1826172
1842010
1834393
1845619
1828035
1812288
1027
1003
5116
205934
43441
81295
1297490
1159406
396955
1091689
1808523
1540574
19133
1150057
477933
1387435
68294
226241
320373
13267
529684
42528
127131
82831
573511
169591
1307464
886899
6995
967010
1208748
136935
168200
119527
1371510
341657
1843954
1843392
1303496
1808186
1162623
1556694
1161919
1842103
1643525
78982
114457
1126127
1368899
13194
111454
292749
763740
59635
1130404
1840505
68560
594041
3108
62086
615609
52139
2040
573767
117697
184395
256861
23250
4015
961802
401636
981495
1272868
1133104
1162481
1246010
1844934
340695
1717344
1822681
1843503
1844889
1005401
1811239
31398
1826348
1077598
1092946
1791577
751730
818993
205543
1070551
685722
881760
208995
