1848485
959010
1165120
1848975
274111
1847704
1162044
1847972
1504887
1506010
1847096
1849120
68310
1011378
1848433
1233276
547299
1159579
1846517
1845811
1848548
945464
1643039
273926
1027347
956793
1310252
1849544
1847473
1346869
1028085
1148474
1095297
1368356
151043
1041808
1779295
1027040
1162502
1395684
1848940
1435910
958035
1847653
1300707
1847067
547271
1848218
15834
1095829
1826787
1846921
1846900
1848617
1526064
1163265
1491455
1849371
341410
1848245
1370555
203912
1841940
933430
1406461
957874
274129
1437631
