1979390
1431510
1362089
1977611
1976357
1986575
1054171
1050665
1103344
204248
2022509
1050576
2044263
138409
1632192
69246
1977033
2043407
1977653
1660180
2042322
1089694
67989
477677
1713801
1080290
2043892
1467219
663787
1293423
1967649
193496
1371185
2001826
1063375
2015270
476917
1976876
1976743
1088454
2043696
476447
2043165
1362745
2044499
1978246
1131993
1791603
1894589
1977381
2044022
1635008
1295642
1063616
2031156
1566977
1513629
1091963
1976734
1101223
1022863
23099
1179625
1978923
2044089
2044296
