779257
1505936
97700
577202
998065
446186
145648
234413
1541914
811898
784853
1139291
185005
168623
79485
807871
24093
1227603
376795
38183
776194
1504829
11098
315669
1252099
968638
181726
544712
22180
21231
1504355
32332
841835
88679
274123
1453464
1024049
256724
935090
2964
1170679
20139
1431256
30910
1485250
12017
391986
683525
1544200
3065
221365
68420
58488
29210
31992
1165838
710923
26014
433473
206208
36319
240510
413007
137001
360848
1492816
1000636
361587
152101
5035
1058358
130412
89655
136552
111684
274898
188712
107451
68457
39342
