2840078
2323074
2524707
1829744
2611649
2833428
2096914
1954001
1859133
2365644
1135466
2510772
2909638
2296355
2910167
2729826
2970129
1556098
413046
1265654
1921543
2976324
3012775
3003101
3067446
1627318
2985409
2077507
2978952
2012505
2906504
2460561
3095527
1691512
1764662
2693525
2095163
2568981
2231485
2181013
1284178
2612654
1830665
80194
2249267
1294607
3040430
1587802
2058279
2174094
1547871
2950143
1644557
1766197
3110241
2068069
1300531
2564935
2772291
3095769
2251878
3047715
2321519
1625509
2741812
2024430
2735496
1901123
2224201
2400145
2939489
2214153
1536831
2030974
2434702
2725770
3002299
1613315
2862449
1819379
2389892
2359399
2766220
3000206
2881673
2952131
2265532
2446635
2662722
2251764
1065124
795720
2588266
2975593
2680210
1977896
2124257
3023540
2911717
2979531
2960060
2860246
2661027
2688829
2376626
3022325
