1435779
1627484
415500
1548124
1875473
1689237
1793588
1722490
2071101
2850669
1704760
1595221
3112989
439529
1380483
1661368
2181881
1703843
1460661
584067
1788840
1421993
1875250
1701328
1486427
2825319
1918535
2559365
1424219
192977
1213297
1389518
1311355
77213
26805
21547
1333451
1545083
1491253
666085
1548809
282563
57379
1311329
1262285
1613125
1237926
1276743
1316319
1646998
2822247
2616444
2021714
2456531
1522426
2598036
2408134
2859437
1565923
2880806
1570611
1570319
1523354
1567012
1284828
1217322
1328919
1444950
1845301
3004458
2464725
2306929
1711437
