1002143
1324316
1441742
1686426
2475133
2652446
1769804
1642327
1531780
1221169
2182292
1661455
1340854
1587467
1652101
1577709
2299677
1848146
1968604
1625171
2170263
2700485
2337954
1613812
2704863
2832073
2068448
2272305
2891038
2317336
1928544
2877931
2911015
2967390
2352317
2335217
1513343
2957066
2474222
2927473
2967222
2436715
2991807
3024657
2988877
2602581
3011529
2809402
2588475
2505180
2773884
2653529
2690619
2974285
2838831
3010873
2675744
1673353
2486226
2389378
2217882
1428627
3084209
1147438
279789
2272758
