1224000
1356000
1360000
816000
724000
684000
1073000
1357000
952000
1150000
1156000
1360000
1360000
1360000
1099000
1360000
1360000
847000
408000
884000
1020000
748000
1360000
1360000
1360000
1354000
1360000
1323000
1360000
1360000
884000
966000
1022000
1360000
1334000
1360000
1224000
1360000
816000
743000
1253000
1020000
699000
1224000
746000
1067000
1321000
1357000
1370000
1058000
1360000
1224000
1281000
952000
1360000
919000
1360000
1360000
65000
1360000
1353000
1360000
1208000
1360000
803000
1343000
778000
1360000
946000
1327000
1287000
1379000
1360000
1360000
1360000
1364000
1360000
1360000
883000
789000
1360000
884000
1059000
1345000
1360000
1360000
918000
1360000
821000
1088000
748000
60000
674000
1360000
1360000
1360000
816000
1360000
1360000
1150000
1360000
1360000
1360000
1360000
1351000
1360000
816000
1360000
1088000
887000
995000
884000
721000
866000
239000
748000
1360000
