802000
204000
1364000
476000
748000
842000
1360000
1339000
1344000
1319000
1360000
1360000
204000
1360000
1354000
1292000
1233000
745000
1329000
1301000
1346000
1304000
1371000
1365000
1331000
1360000
1334000
1362000
875000
1310000
1360000
1368000
1300000
1360000
1360000
1360000
1360000
1360000
1360000
739000
1363000
1360000
1145000
1360000
1346000
748000
1360000
1360000
1358000
476000
1366000
1346000
1212000
1360000
1360000
1251000
795000
1360000
1234000
1346000
1360000
1360000
1360000
1292000
1292000
1333000
1360000
1360000
1292000
1322000
1348000
1360000
1360000
1357000
1360000
1346000
1360000
1360000
1351000
