1120875
754529
1230301
1575640
1510566
1988362
1987968
617986
1054863
1517617
2034775
1846867
1027480
1989769
686279
68823
206500
1261006
1164121
1509369
1987998
273964
1527118
1989856
1441534
1079106
1301358
1918517
2031929
2002148
1851070
1990140
1988274
1648966
1990177
1919930
1096397
274544
1980320
1987302
1989850
1647560
1234453
1991232
1991410
1983181
1987938
343122
1615020
1260191
1987798
1964382
1097990
1097022
1013102
1704270
1988888
1985695
1988250
1536634
2014815
2024816
1530556
1301211
1990925
1987538
1987672
1989165
1985488
1986625
1983164
1989318
1998283
1234056
1988623
1096485
2031065
1987273
1988578
1988330
1989086
1990983
1713490
1988159
1981924
1992877
2011912
1986757
617431
1060498
342977
2016246
1372317
1237383
1989494
616987
756420
884249
1240084
1714564
1983955
1853199
892797
1104985
752861
1031171
1370860
1164369
205730
1135567
1568904
1028487
1028152
1917657
