45101
30171
422608
451938
495267
537012
450549
537024
817162
687073
429308
11801
150695
413940
434655
269272
44844
681906
666577
300699
146869
966
275568
199901
431053
536819
514366
43040
406936
40181
30239
7781
5766
395044
441587
483490
494313
64383
532844
507542
443860
426823
472278
451510
450984
473197
451108
422550
430284
444287
496339
450635
666836
558103
451426
494014
558089
450884
644622
343393
69003
10722
416391
493841
428205
430704
536919
42853
684481
256950
6899
408935
257658
19633
28222
423951
494480
430559
644701
24308
118345
441383
101787
180971
422741
129712
214782
150397
430011
107581
14445
106957
518437
451485
742181
492139
594224
644271
666764
641034
646172
773038
494419
706700
322407
428064
537182
576904
795003
193630
91598
430423
441844
493554
430329
430027
536911
428015
344293
32170
5825
451379
429790
429596
493740
451129
92644
122491
79219
197992
620827
578045
816693
817305
816548
365392
81957
403258
526493
450813
613173
42989
85849
414843
623051
579059
429743
236541
421994
234835
21505
517353
407349
586466
449471
432275
420762
443800
499856
176285
95291
97816
107342
468480
466074
293140
15602
15623
193569
418480
450930
233253
301029
34215
429450
430253
408630
429199
820660
811530
816200
791162
811387
162750
171344
210754
21448
14712
42922
13741
87905
295913
107428
150510
418440
419362
559136
472531
354266
257955
85863
430081
172231
