68000
1078000
1088000
1066000
1088000
1088000
1074000
816000
1120000
680000
1088000
1056000
1064000
1072000
1088000
884000
612000
1088000
1088000
1088000
1088000
1088000
1088000
1088000
1088000
1088000
1088000
1076000
1088000
1088000
1088000
1088000
1020000
1088000
1088000
1088000
1088000
1088000
544000
798000
650000
934000
680000
1088000
1080000
204000
816000
1088000
1088000
1088000
1020000
1088000
1088000
648000
602000
1106000
952000
1088000
1104000
880000
1114000
1088000
1088000
804000
1054000
1088000
1088000
1088000
1088000
1088000
1066000
688000
1088000
1088000
1088000
1088000
