1088000
612000
588000
749000
732000
889000
22000
544000
1088000
333000
1052000
1088000
545000
612000
76000
425000
732000
1088000
677000
680000
1079000
884000
615000
476000
663000
436000
1000
340000
684000
612000
320000
136000
198000
272000
31000
204000
646000
1088000
1088000
702000
410000
272000
680000
816000
628000
224000
1088000
1088000
612000
476000
851000
816000
476000
560000
59000
816000
1014000
741000
408000
807000
816000
62000
748000
816000
188000
58000
1088000
952000
68000
1088000
1118000
998000
729000
246000
646000
419000
676000
1104000
816000
8000
408000
660000
748000
1000
28000
1088000
204000
1088000
1088000
688000
99000
680000
408000
722000
95000
408000
9000
506000
604000
14000
722000
576000
642000
1088000
408000
680000
536000
1088000
612000
541000
297000
952000
748000
68000
854000
612000
514000
136000
1079000
204000
825000
329000
1088000
806000
517000
1020000
666000
75000
802000
521000
228000
910000
735000
358000
136000
1088000
1100000
1070000
1088000
600000
773000
657000
680000
638000
713000
743000
944000
343000
680000
600000
658000
19000
352000
204000
884000
680000
1070000
642000
1088000
625000
816000
1020000
1072000
380000
1083000
544000
439000
1090000
1086000
898000
585000
136000
680000
626000
477000
158000
1020000
1083000
1077000
952000
733000
204000
713000
72000
1100000
612000
137000
612000
740000
148000
