425947
9705
293047
17072
1493194
342660
1262526
1575439
891441
1190042
1733419
1780985
1781348
1795161
1779903
1782010
1781984
1781576
1780504
1785068
1783530
1438332
1784067
68339
15064
748371
98364
258588
1777833
624986
871772
1107472
1781568
1747529
899952
1300671
1782361
1376343
1372620
1783512
1781317
1781874
1781974
412657
1778459
1782568
1783554
1785657
1782036
1783631
1784732
652853
963265
1702228
1372499
938095
935880
137272
33965
982366
602772
1054668
1781644
1780025
960299
1784858
1371958
1780850
1576405
68934
193760
884383
227278
