15374
1346056
71115
3050
900348
1290970
1260590
1415693
1510176
1234192
930638
1713475
1028513
1316619
1167137
1578763
1711034
1713234
1646746
1679795
1716479
343745
411583
411583
1712949
1621385
892541
1713636
1713481
1676705
988738
342590
1716513
1714436
1713872
1715092
417195
117839
1716202
1678083
1714051
1713728
1715446
126209
1716217
894427
1711374
1026121
1713302
1717980
1715642
925539
1713028
1437712
1717654
1714993
888763
1028010
1045509
1711625
1027726
1717219
1713191
1029254
1714726
1714812
1713193
1715416
1637732
1712779
20465
1713625
1038134
617466
24631
1713516
962846
47429
870210
1714618
1713369
1714124
1713385
1716009
1714979
1575627
1714688
1713044
1712855
1714429
1715644
1714464
1656731
1276158
1715923
1399923
1711843
1714805
1647282
12257
17320
1029687
1715709
960069
1305069
1714925
617250
1715472
1713706
1713930
1716877
1714204
411470
1715395
1715283
1027783
1715403
219874
1713454
1715301
431568
864742
1715181
959735
1715812
1712092
1646750
1714724
1716526
1713498
1714294
905438
1717930
1714420
1714662
1712305
1713904
1711020
1716244
1646649
1715063
1714330
1078054
1712843
1714129
1714782
1713716
1711450
1714450
1714351
1713908
35038
1715593
11344
1715338
1713369
68917
1165887
1192517
1712525
1713885
1716316
1710385
22590
1714256
1710384
1716133
1712589
1710424
1713939
1714057
1713778
228560
1716645
1713604
206012
1676100
625101
1715129
1714027
