1431156
408627
1185574
1468388
2250447
1636864
926091
64537
1191105
1842089
990288
1200483
408672
297319
1840346
2248176
749048
1347661
829245
1198974
1755956
1771532
1431605
1500003
1243045
1157265
1567227
1839843
1430515
2248683
2179490
2184209
1229166
1634397
1150733
1226501
1793886
612827
1634730
2112251
408667
439156
68143
2250227
1258187
1797085
1226007
1158446
544670
1022084
1257265
1635382
2248688
408493
1090424
2247172
1703029
1645009
2249963
1220918
2221919
1226483
1291019
2249250
612608
477126
613183
1566627
545279
2261469
2248744
2247862
347298
1273085
1487974
1158417
2043996
2248413
342002
2251137
1373353
1157794
783685
2247585
2246417
2044323
2249761
2026566
1363003
2250836
557314
1229362
2124348
2180288
1123988
1362247
1703953
404929
1195380
2248239
2250436
2247687
2249148
272328
340448
1439246
625321
