972463
1790082
1042283
1804725
986708
1808757
1066259
1478811
989832
1208907
984780
1481645
1808954
1649042
1041906
986778
1084630
1373810
1071396
867700
1808107
1760294
1207882
1811197
1758317
1758810
1154944
1205722
767979
1597519
1206076
1207406
1307449
1255992
1262108
1255307
1154679
1479413
1369361
1099274
162559
986547
1700275
1151947
1811031
969971
909171
953198
932884
1467890
910583
952774
1098688
1095261
1052023
1263439
915478
1759439
1382434
989139
1807528
1315649
1205589
1807959
1481608
1375336
1536445
1745141
1265715
1152454
1369119
1497742
1479819
1154264
1757690
1043995
1245757
1807473
1322708
1701560
1811135
1297442
1296930
1342727
1039720
1099064
1808277
54571
1040362
1039762
1154198
1811110
988152
1758924
1147830
935455
1099057
916668
1018093
1509792
714113
1264825
1810651
1039286
1645898
986876
1480192
1041690
1149605
1314345
932278
1010914
1486056
1300161
1519762
1427792
934129
965032
1204870
1207818
1789283
1054937
982194
1013353
887391
1353827
1055307
1508756
1042423
1750813
992697
1153243
1104795
821426
1810156
1187298
1153833
1149650
1810032
1710218
1010780
1791252
1511159
1776580
938402
1033722
1171618
1764085
940471
959451
1216421
1204571
1808482
