1600562
1758292
319492
1251044
1757697
159900
388463
110858
1116519
959356
585373
959343
1595000
1757266
960757
1101583
1110816
167394
1352882
960364
1759508
1798024
1757022
958428
234368
661051
1757241
798178
1186438
66843
1745171
1758747
1758387
1083481
1753459
794816
1765966
1756306
1024632
692626
1790754
1011408
1314654
1117928
1014418
958452
159766
1120032
572895
975608
953463
479632
1119683
1379704
479202
1118481
78891
1199867
1896646
483731
958307
46348
1758149
505753
1757723
1739403
798783
958333
1755501
1411860
959797
1866968
1894870
1438532
841686
1757246
1758230
1762733
1758542
182188
1427387
1599131
1756808
319329
1753887
1437934
1758553
1096866
1758077
960700
1211692
129229
1129055
1021364
1246341
244797
959475
1086551
1118287
1038137
40671
317502
1387997
1256125
958393
1272732
1721911
959164
1758489
799157
786274
160338
1756848
1437770
1758040
70823
234478
951859
1291367
160335
1278977
320574
1746363
293698
1516282
1118860
1438218
1248446
1118820
639275
209855
954064
6067
1488030
978030
1114126
958876
319581
1758031
1757428
1492784
1037099
959909
1437963
318890
1499521
959041
1120419
478539
745268
1278655
1118693
1371684
1084283
1020140
958244
443623
1576392
1758440
1001109
1466882
319983
127420
6113
480419
1019371
1757785
1512858
1438763
1438865
1756051
788625
1758478
1438086
1440533
1439281
1438808
958712
546639
1688381
959215
