940678
126207
21224
936888
1660020
940678
391506
55334
27667
430165
997528
30320
350954
47375
452905
1660020
1660020
1664947
1660020
1660020
1660020
1559964
1672906
1697919
1687687
1071432
1660020
1571713
892924
1516
1031258
1068022
1660020
1169594
1687308
1660020
1106680
360808
268711
387338
697360
1660020
1702847
92476
1585736
940678
1051346
1660020
1106680
1162014
43206
1628563
1217348
1205599
1660020
342616
940678
1671769
876627
847444
387338
450252
1660020
987295
29562
664008
885344
1660020
848960
1660020
1265860
774676
1038081
957354
1162014
1660020
1093036
940678
1708911
221336
1660020
1660020
841380
1106680
55334
1660020
1655471
885344
238391
664008
866015
553340
940678
914906
988053
1694888
666282
877006
996012
885344
987674
1162014
1494018
498006
1702847
1106680
1660020
262647
1201051
387338
1660020
4169
291830
755726
1660020
885344
1660019
1162014
1102132
1106680
885343
110668
885344
1660019
1549351
1438684
1091141
1660020
1272682
770128
709109
885344
1660020
55334
166002
47754
951290
858435
238770
1263964
29183
147052
784530
1660020
996012
903536
885344
1272682
358534
935372
1022542
1327637
1383350
414626
1109712
1648650
452147
498006
940678
1111228
1649408
1660020
1076739
1110470
885344
867152
996012
1162014
1660020
1020647
1103269
885344
1106680
1221895
1489849
1667979
190258
1475067
604126
1217348
1623636
906189
498006
276670
1183238
1660020
1162014
1106680
1666842
146294
1494018
885344
881175
1106680
1440579
1691856
885344
869805
292588
221336
1050967
1549352
885344
332004
885344
1660020
864120
864499
1660020
1603928
991843
80348
911116
1111607
1106680
1660020
55334
332004
999802
133029
16676
833042
1660020
166002
981988
1651303
221336
1033911
1536845
996012
1549352
55334
70115
940678
858056
221336
114458
1660020
1176037
1030122
830010
892924
904673
818261
936888
1549352
847823
570016
110668
1051346
498006
996012
940678
1155571
1215073
1434515
1660020
355881
1014583
110668
80727
1293906
88307
1335151
1667979
