638909
319255
1731240
1727891
558092
83150
957234
1742663
1279720
1757104
1092602
159982
80613
1599029
1102152
296284
959680
1430479
1758377
479032
319266
1118835
1759164
912524
1736165
1757663
1757626
1216644
1087108
1129894
457623
889887
1413178
818069
1276915
867780
934075
940904
639575
1342579
1389872
1381205
1118452
1759223
952091
1357094
957269
934406
1021024
953691
1123994
506752
820975
1098533
1118567
956785
1598653
420289
831502
1038065
479062
1119807
1437780
1230375
1265239
160244
2100
137336
111908
958551
958543
957725
817948
1600060
169962
958731
160007
1710776
1759180
794465
209410
1057869
639839
261725
866068
1598581
914393
988421
829917
1279262
103171
958852
37505
958911
1756861
159045
160157
1000015
958816
916986
479259
323109
412258
316561
131087
798655
117785
1437349
1749575
238823
49732
345298
124163
283858
39574
1107341
1072680
1573476
528028
613126
1285696
638694
1632666
1418111
319700
1007005
45871
638509
1039005
638818
958786
1121856
1120138
41318
2090
33334
1188986
186045
