1043000
110000
1485000
1198000
1045000
25000
990000
880000
1353000
70000
275000
825000
194000
1415000
1533000
385000
1405000
795000
1375000
908000
6000
1095000
122000
880000
990000
880000
806000
824000
494000
859000
827000
165000
165000
817000
19000
157000
999000
880000
14000
825000
1210000
1252000
1265000
1540000
1538000
1540000
1485000
428000
1459000
1035000
949000
915000
795000
1155000
165000
1540000
1045000
349000
874000
747000
897000
1023000
1264000
81000
1171000
121000
1010000
990000
828000
970000
898000
330000
981000
550000
1572000
1211000
930000
1265000
55000
6000
18000
1136000
1098000
1307000
