1280000
1280000
160000
1280000
1280000
1262000
1280000
1080000
1280000
1280000
1280000
1280000
1280000
800000
960000
1280000
1147000
1120000
800000
1120000
1118000
800000
1280000
1280000
1280000
775000
1280000
1248000
960000
800000
1280000
1280000
800000
1280000
1280000
1280000
1280000
1120000
1280000
960000
1280000
1280000
1280000
960000
1280000
1120000
960000
730000
800000
1280000
1280000
1280000
1280000
1280000
1280000
1280000
1268000
1280000
800000
960000
1280000
1120000
1280000
1280000
1120000
1280000
1280000
1280000
1280000
1120000
585000
1280000
1280000
1276000
1280000
1280000
800000
1120000
1280000
800000
1280000
913000
1280000
1280000
1280000
1264000
1280000
1280000
1120000
799999
1280000
1280000
1280000
1280000
1345000
1280000
1280000
1280000
956000
1280000
1280000
1120000
1280000
1280000
960000
1280000
960000
1280000
960000
716000
1264000
1280000
1280000
1280000
1280000
770000
1280000
1280000
1280000
1280000
1280000
1280000
1280000
800000
1280000
1280000
1280000
1280000
1280000
1280000
1120000
1280000
1280000
1280000
1280000
1280000
1280000
1280000
960000
1333000
1280000
1280000
1280000
1280000
1280000
1280000
1280000
1242000
1280000
1280000
1280000
1280000
1120000
1280000
1280000
1280000
1280000
1280000
736000
1280000
960000
960000
1280000
1280000
960000
1280000
1280000
1280000
1280000
1120000
1267000
657000
1280000
1280000
800000
1280000
1280000
1013000
795000
1280000
1280000
960000
1280000
1120000
1280000
1280000
1280000
1280000
800000
960000
800000
1280000
1280000
1280000
769000
960000
1280000
1280000
1231000
