960000
1280000
960000
320000
960000
1280000
800000
1280000
1120000
1280000
1280000
960000
1280000
960000
1280000
800000
960000
960000
1280000
1120000
1280000
1280000
800000
960000
800000
960000
800000
1280000
1120000
800000
800000
1280000
960000
1280000
1280000
960000
1280000
1280000
760000
1120000
1120000
1280000
1280000
1280000
800000
1120000
800000
800000
960000
1280000
1120000
800000
1296000
1280000
1120000
960000
960000
1280000
1280000
1280000
1280000
800000
1280000
1280000
1280000
960000
960000
1280000
960000
800000
800000
1280000
960000
1280000
800000
800000
960000
1280000
1280000
1280000
640000
1280000
800000
732000
1120000
800000
1280000
1280000
1120000
1280000
1280000
1120000
960000
1280000
1280000
1280000
1280000
1216000
800000
