592000
596000
726000
634000
786000
768000
970000
1052000
1052000
1080000
1098000
1080000
1066000
1116000
1088000
1062000
860000
1044000
1042000
1120000
1120000
1120000
934000
1022000
1100000
800000
1128000
1120000
640000
1120000
1120000
1120000
976000
1120000
1120000
1120000
640000
1120000
1120000
1120000
1104000
1120000
1120000
1070000
1106000
1120000
1090000
1120000
1110000
1120000
1112000
1120000
984000
1120000
1120000
1120000
1120000
1120000
1120000
1120000
960000
1120000
1120000
960000
1120000
1120000
1120000
1120000
1120000
1120000
1120000
1120000
1120000
1120000
1120000
1102000
1120000
1120000
1120000
1120000
1120000
1120000
960000
1120000
1120000
1120000
640000
1102000
1120000
1120000
1120000
1120000
1120000
1120000
960000
640000
1120000
1120000
1120000
1056000
640000
160000
640000
470000
712000
654000
588000
598000
590000
1120000
1002000
1024000
1042000
804000
1106000
1032000
744000
698000
1032000
1120000
1004000
960000
640000
960000
800000
1120000
1120000
744000
1120000
1078000
1004000
1120000
640000
800000
636000
800000
1120000
640000
1120000
1022000
960000
1120000
1120000
1120000
1120000
1120000
960000
1092000
1120000
1120000
1120000
1120000
640000
640000
640000
640000
1074000
960000
616000
640000
640000
