36018
479304
202054
824256
1278786
959863
1438003
1395249
1437659
1257771
1474093
1437162
1441118
1438165
1437185
1364512
36839
798998
479537
959319
1438203
1437019
1279353
1439333
1439575
972186
1118583
1455396
353334
19972
958121
354350
1438504
1438898
319124
799393
1399986
1435967
1440652
1452684
1438469
1437693
1438699
1437685
847791
319068
1278768
797745
1440620
1438917
1438658
1437683
1437361
223865
1279195
1278424
1090223
1437746
1437170
1438364
1438456
708537
1437693
1438659
1438561
865321
1438456
958486
12012
1117972
1117441
1439511
1437360
1438360
1438131
1438152
779675
1438679
1436338
798701
1437604
1439498
1420092
19137
1277969
1437987
798919
639848
1101275
1117882
798702
