11095
479725
155058
639769
1916462
11019
798352
479629
1689350
2081972
8860
2237142
688974
1458253
159924
911211
26821
1879210
1234145
159687
810505
634045
1635198
319602
1536562
1648797
1062526
623788
682294
97245
465272
2237318
2189977
319637
474210
159470
25431
2220092
379720
105849
160096
697238
639975
2237121
1118332
1335966
563543
639410
458067
1437799
1259986
1864348
798893
1277409
2235958
1438452
638861
2050901
1470801
2156870
1643866
1920145
50988
2052381
613875
1276559
221735
1437199
217796
1252912
637519
1203862
148944
1276457
1233302
71640
798807
566255
319376
1598084
631262
