1298177
683681
2322064
1917402
478636
1308871
123569
2239353
2238081
2239148
698999
2263280
2237481
2239001
2237741
2240453
2239798
2235841
1917749
2238192
2235848
2237366
1248308
1160487
1119130
1277578
479065
1537442
743847
765387
2236931
1438237
2239437
76832
240284
2237783
299222
2237469
458849
319026
320362
1758412
1598755
2236131
1278194
1758240
1279003
319532
2237305
2238366
23291
1278059
1178010
2195279
1918972
2238633
2239521
2239451
252502
2238013
3619
2236387
1423130
1503980
444319
2238166
319157
1235472
1278627
1175734
2239588
2098565
2238889
160272
111187
82507
2204283
1277199
1717453
28662
2076900
1597716
132537
2239020
8971
1751663
2241608
1410727
1440291
120247
1676120
1758106
2080234
2235158
1245062
1279740
639670
84164
2169060
614768
2256270
2240279
2078432
1599363
1728352
1203700
1734396
480083
2243647
1560933
1598410
319818
1561904
1263325
84204
638956
84166
2078068
2237350
