1277957
1571714
1439349
1636660
1223856
988094
1302938
1594434
639184
2080052
1067342
2078685
1431583
1431093
1207412
1278753
783610
1119639
2077141
160239
64930
1118415
2078302
2077712
1439716
1760029
1120842
1223895
1068119
1848513
2028296
1132654
1100440
1560666
1439128
1120282
1120842
1757362
2078362
1630319
1277798
1758497
2077136
2079761
1275777
800761
1260967
1327317
8062
1048944
2078538
1700968
440514
1438840
1437312
524081
1118899
2077331
2078194
197779
514200
1402477
80641
2079517
1061743
2035554
2077807
160116
1432410
1924612
319523
1919953
2079795
1278935
1758574
2078175
1118506
320081
1917283
1918143
320132
916373
2079790
799511
1354542
1049214
798790
1916399
929456
1439819
1918151
1278672
1277324
1758929
1439140
2081376
47462
1289165
1599363
1278130
2078702
2078864
145366
1118391
1026750
1280170
2079146
2055575
1120092
1119146
1063464
2079957
2076252
1439749
1759077
1517896
1599550
2079211
1119704
1598440
2077053
1439335
1277939
2078916
1901448
1917480
1759088
