1599852
959420
1120079
1760558
677845
1279288
1760644
1759771
1302300
160524
1761037
1758054
1760643
1599448
959664
959658
1758771
1598346
1119423
939013
1599405
1759179
1760062
1281866
1120329
1760206
1759113
959705
960489
1119753
1758841
1438933
1759958
959208
1760546
1280476
1760987
1759988
1279374
1758417
958608
159819
1401933
1760820
1280127
1759530
1119367
1599570
1119790
1279941
959063
1439499
959087
1759513
1278119
1524302
1119879
960731
1760696
1084431
1120145
1760586
959594
1119417
159615
1759207
1758732
1759166
1440514
1759039
960698
