1758399
1596842
1760196
1759581
1760831
1759795
1760254
1119582
1758173
1758750
1759972
1731663
1760650
1757554
1759364
1758211
1758640
1760402
1759493
1758606
1759189
1759994
1760008
959444
1759757
1759446
1119120
1757719
1759397
1759376
1760116
1757094
1758426
1759543
1758373
1760129
1760226
1758603
1758369
1757751
111991
1758252
1759484
1759891
1758694
1758570
1758671
1759977
1759284
1759586
1737948
1760469
1759379
1760964
1758496
1758201
1759685
1758134
1759348
1759163
1673430
1758022
1759446
1760754
1757030
1759867
1760053
1758141
1758143
1677849
1758321
1759651
903725
1759495
1759382
1759080
1759418
1757916
1759363
1759677
1759184
1757824
1758482
1760020
1757872
1439140
1601219
1758709
1759906
1759640
1440584
1759628
1760185
1758250
1759601
1758776
1760772
1760185
1374764
1262366
1758159
1758595
1759498
1759015
1756099
1759948
1119508
1758999
1760326
1758054
1756791
1759829
1759942
1279028
1758587
1759039
1758567
1759738
1758817
1523373
1280207
1758815
1760621
1599258
1598435
1757256
1759802
1759758
1759335
479551
1757793
1759215
1758005
1758380
1757384
1760093
1757778
1759552
1757945
1759060
1759778
1758179
1758629
1759032
1759416
1759093
1759325
946851
1758591
1760835
1758844
1759065
1748262
1758106
1761250
1758337
1760525
1758309
1757230
1759153
1759604
1760045
1758410
1760313
1758683
160131
1759040
1758353
1759388
959522
1753318
1759034
1758024
1279088
1759951
1758607
1756789
1439066
1759421
1758810
1761278
1759436
1757439
1760305
1758993
1759803
1759625
1760352
1440464
1759933
958903
1761370
1760972
1759284
1758949
1759958
1760108
1599015
1759581
1759445
1758517
1760252
1760329
1758446
1758433
1759095
1757965
1759822
1759030
1756112
1598852
1759597
1760409
1759556
1758044
1279699
1760064
1759093
1757846
1599845
947888
1759452
1760723
1759627
1758924
1759460
1758906
1598504
1759903
865123
1759930
1757521
1439680
1761453
1439956
1759556
1759137
1760860
1758146
1759706
1758477
1759567
1758450
1759417
1758650
1758399
1758853
1760438
1759557
1758307
1759342
1756986
1760303
1760666
1758416
1758778
1759838
1760246
1758801
1757325
1759891
1760052
1760367
1760807
1759460
960121
1759410
958565
