2979497
1498560
2828052
1585350
1076145
2675962
1797171
2840380
3071791
1385924
2210613
1798704
3078484
2587745
1542111
2156388
1328959
1947875
2560469
2683627
3146165
3037337
3037221
3073927
3059556
3060735
3069308
2347082
2127681
2925865
1857204
2144651
2212787
1698331
1944368
2768862
1559022
2685083
2909393
2110537
1224545
1307556
1768802
1510995
1814331
2219752
1769050
2107160
1637428
1140200
1843168
1875394
2509895
1719821
2033822
2933534
1319582
1992164
1695424
432876
2275982
2076054
728871
1792866
2468691
2231332
2235051
