27155
1716114
1232775
1668962
624133
1675415
3126
8330
377749
53292
1535593
8305
6323
274877
32076
4241
408644
3090
1075813
975708
381347
3150
513107
10400
821317
2091
416920
257519
205010
12501
957831
523949
827046
1228125
1035083
9206
1162661
137628
6424
178303
21939
495061
9309
11595
12299
68832
3116
980974
39642
1061874
2088
614094
6261
1676652
868840
1184735
54059
18638
43248
682889
429429
1403253
1051174
20963
1054
16532
71321
205345
135795
1398620
703307
952551
1066125
220040
1711506
1231319
1096765
1712922
1310471
409910
215668
1701352
807619
886911
722441
762260
1705643
915230
4161
206581
1161682
787800
1711163
303705
830092
955104
867452
65933
1680168
1107618
