1556694
1843392
1161919
1808186
23250
78982
529684
341657
1003
1843954
31398
5116
1162623
6995
68560
1303496
42528
117697
1371510
1842103
19133
1027
1840505
1643525
13194
1130404
82831
81295
127131
981495
1162481
340695
1133104
1246010
3108
43441
1126127
763740
169591
13267
256861
1844934
594041
1368899
4015
1272868
573511
168200
944775
1540574
59635
1307464
1834393
573767
1814812
401636
1842010
62086
961802
292749
1150057
1828094
477933
1826172
1843455
1845265
1844993
1828035
136935
1255418
886899
226241
615609
1764638
1845619
1812288
119527
967010
1026827
1208748
1808523
1091689
184395
1820605
818993
1092946
751730
685722
1387435
320373
1811239
208995
396955
1791577
1077598
68294
1844889
111454
114457
1826348
1005401
1717344
1822681
205543
1159406
1843503
1070551
2040
1297490
205934
52139
881760
