279789
1147438
2474222
2927473
2352317
1928544
2700485
2299677
2653529
2335217
2690619
1652101
1577709
1968604
2317336
2170263
2588475
2838831
1587467
1441742
2272758
2337954
2967222
2182292
3011529
2389378
2505180
1002143
2217882
1221169
1625171
2675744
1428627
1661455
2891038
3010873
2068448
2272305
3024657
3084209
1613812
2809402
2773884
1848146
2991807
2652446
2602581
2877931
2957066
2974285
1513343
2911015
2436715
2832073
1686426
1531780
2988877
1340854
2967390
1324316
1673353
1769804
2475133
2486226
1642327
2704863
