1088000
952000
1088000
1088000
1088000
688000
1088000
1074000
1088000
1088000
1088000
1088000
1088000
1106000
804000
1120000
1088000
1088000
1088000
1088000
1088000
1088000
880000
1088000
1088000
544000
1088000
1088000
1020000
612000
816000
680000
1056000
1114000
1088000
68000
1088000
1064000
1088000
602000
884000
1088000
648000
1088000
1104000
1088000
1088000
1088000
1088000
1066000
1088000
1072000
1088000
1054000
1088000
1088000
1078000
1066000
1076000
1088000
1088000
1088000
1080000
1088000
798000
1088000
1088000
204000
680000
1088000
650000
816000
1020000
1088000
1088000
934000
