1028487
1917657
1568904
1135567
1028152
1992877
1989086
1648966
1998283
1918517
1988330
1527118
1714564
1530556
342977
1981924
273964
1060498
2031929
1990140
617986
1230301
1986625
1054863
1988159
1988888
754529
1985488
1988250
2014815
617431
2011912
2016246
1983955
1164121
1237383
686279
1989494
1919930
1079106
1510566
1240084
1096397
1983164
1987672
1372317
2002148
1853199
2034775
1509369
1851070
1985695
1013102
1989318
1713490
1988623
2031065
206500
2024816
1704270
274544
1261006
1990925
1096485
1989769
1575640
205730
1987538
616987
1301211
1164369
1989856
1301358
1990983
1988578
1031171
1846867
1986757
1987968
1120875
1988362
884249
1441534
1988274
1234056
1517617
892797
1027480
1370860
1990177
1536634
1987273
1987998
1989165
1987938
1104985
1987302
1260191
1234453
1983181
343122
1097990
1097022
1964382
1647560
1980320
1615020
68823
1991232
1989850
1991410
1987798
752861
756420
