1781644
748371
960299
1371958
1054668
33965
1780850
1576405
1780025
68934
1784858
1778459
1784732
963265
938095
1783631
884383
652853
1783554
258588
1782036
1372499
1702228
1785657
935880
137272
1782568
98364
1783530
1575439
1300671
1107472
1781874
1781348
1784067
293047
1785068
1795161
1781984
1780504
412657
193760
17072
1781974
1438332
15064
1372620
68339
1781576
1190042
425947
1780985
1262526
1493194
1782361
871772
899952
1747529
891441
1779903
342660
1376343
1733419
1781568
1781317
1783512
1782010
9705
1777833
982366
602772
624986
227278
