843234
1071109
829758
650510
1115987
219773
201525
1491070
1441966
1436423
817996
1422141
683915
1338209
1321661
272008
1641730
1933583
1272688
1630894
798751
1100456
279341
1379418
784175
1014098
1220417
1069602
563767
1512245
1399083
1215147
1538028
1053063
1042202
1698865
278566
988274
487535
11821
1507483
1109159
1380316
33506
1499816
1490977
996585
1410732
782959
1411274
954879
288730
472354
795037
52726
220962
762780
1330026
1047348
571890
244120
1405775
817249
1278058
1518320
863464
7084
1005051
1207056
957313
929296
507561
1067418
1192295
1092437
633334
1651305
231461
1125361
951469
1560419
1091018
1091665
1282086
1238352
1249133
