1009409
810261
757918
942346
927754
1511751
1346383
1586112
1515599
669701
831231
1493907
801770
505772
122049
220871
172747
5728
876867
84405
120272
337219
285271
2881
145009
147269
41024
662314
27174
868572
842595
840961
926528
946306
926057
918993
841902
846076
253724
1012128
421470
36646
813243
808200
484377
1347173
916306
926445
337650
816786
336520
182927
50658
116741
13577
264529
1912
26269
16506
611192
820970
952
73164
15683
988
151856
509892
71782
30356
882613
252056
54113
3963
14612
53757
135959
