997146
84471
1260566
587214
1110559
337318
26225
36553
608985
81970
555760
35607
37606
999247
953820
214576
1089990
1181877
475111
84136
623629
1092681
1093143
1010597
1092679
1008332
1009563
1009895
1156985
419898
1052337
1851706
1075345
1360820
1877489
1515347
1850400
1850284
1849384
1897792
1848400
1844535
84701
168418
59652
1877975
1646385
588456
88925
2956
32463
1224528
100022
239485
969989
1766249
84031
217830
2036
159440
385807
23566
50570
21211
1024990
671464
949689
1851296
924332
1764054
168019
1142716
147504
30331
976914
907108
413963
50943
1864324
1596779
588642
718391
212019
1372696
590071
1031723
1426889
840120
1028391
83826
275776
61551
1027276
84100
1204565
504544
795044
893015
939567
26439
263946
473743
469185
151060
31128
1175876
1224787
754120
1268539
335906
1401041
1433195
976284
672049
1037070
1007993
674310
807110
1152836
1829155
1008413
990182
504993
1487211
1008075
