1261772
30020
8979
904925
976701
51106
168567
1295111
420371
414579
2027
168155
22023
1730212
23709
1009717
1041671
1765512
277620
505103
932932
1092204
163838
841547
894515
1154707
252510
1597362
1045326
901044
7027
13925
51835
163144
1958
677166
1178370
1767118
1765700
3082
957064
1178947
1307730
1768300
588468
148678
923366
669434
60703
475672
988494
42077
26119
923710
36009
408211
1096375
1173762
303224
971963
1718560
935542
1153541
4913
610673
336141
98513
168399
1981
953503
1382905
1345776
141601
1008833
925737
335956
657593
489961
1298244
119830
61701
2008
1036215
51303
91837
755359
27912
924207
1260959
1261620
