92519
114073
56259
386677
84309
15197
356512
420023
22811
577924
1575197
754247
288663
489101
57444
455815
684845
444879
394795
125472
956184
174231
148779
27778
209469
180368
1051799
167810
916451
90628
177605
85748
838260
81734
141000
557240
1171144
1553162
150003
445848
610214
130690
1320441
1680634
1262175
27738
805049
933546
159383
84083
129200
1040471
1009638
1565864
168989
786949
1680683
252119
415848
97590
225923
1681845
1007907
841738
26646
84564
1599261
432449
920345
846868
1005095
840145
19082
1454498
147002
