1472539
1335095
1801815
2024793
1750616
1998698
2314745
2368245
2263167
2583930
2538649
2378336
1488575
2671205
1996694
2501595
2786935
1674151
1725658
2915746
3075425
2141391
3072451
3146526
1826228
2815874
1947008
864009
1706325
1021969
1324894
1186896
1527664
1082779
1549043
1939218
1246165
2401980
2360267
2180501
2274716
2060337
1915750
1879393
2491288
1421475
2315180
2754523
2170409
2847011
2735505
2418494
2998346
2864171
2870952
2885617
2015392
2561672
2805927
2953086
1663058
3030847
2808345
2718367
1957193
2892736
2001419
1624403
2575487
1731255
112955
