1120485
1496115
1396295
1537497
1569995
1433082
2000969
377159
860598
1341052
1067043
1023337
1806433
2039762
2038246
2317488
1680166
2027559
2202408
2122291
1599775
1642482
939249
1126125
1251228
1704638
1657806
1590699
1485375
2086995
2156503
1788116
2335719
1950599
1726636
568929
462999
1066133
1535565
1757895
1570908
1832150
1831430
1561286
1757570
284523
1628933
26484
45040
994045
1535147
1033712
697120
3095046
1912497
2337112
2338304
2859534
1738722
952966
1703204
1825685
1070484
2232270
2461167
1669593
1727346
1475695
2229911
2209968
2122136
2548828
2264331
1917332
2236746
1756384
2811441
1862526
864865
108006
