938000
336000
944000
672000
1336000
1344000
773000
1344000
1344000
895000
713000
1008000
252000
840000
1033000
1176000
420000
85000
804000
84000
5000
169000
133000
168000
813000
1344000
1393000
756000
725000
1167000
1086000
588000
72000
216000
1344000
435000
42000
480000
130000
1147000
756000
1344000
168000
1260000
1073000
78000
291000
684000
1008000
1145000
462000
924000
1344000
50000
756000
811000
760000
756000
672000
504000
1348000
1093000
924000
1175000
336000
1349000
1364000
40000
672000
9000
27000
65000
672000
1362000
756000
756000
840000
756000
849000
672000
865000
716000
756000
1366000
1344000
1366000
738000
1008000
1000
1375000
743000
297000
266000
445000
1012000
1008000
1344000
1344000
1344000
1344000
996000
168000
756000
924000
924000
790000
756000
588000
951000
756000
1008000
423000
588000
336000
666000
840000
840000
756000
757000
756000
924000
336000
781000
252000
924000
741000
168000
252000
489000
269000
342000
84000
420000
853000
1344000
922000
1176000
1344000
1344000
420000
36000
5000
252000
252000
687000
724000
