1233000
168000
1144000
1365000
1385000
1326000
1344000
1344000
1330000
749000
1109000
1344000
1344000
706000
854000
1344000
840000
821000
1176000
741000
336000
1220000
817000
277000
1344000
1176000
756000
924000
1344000
1344000
1344000
1344000
840000
968000
847000
801000
837000
832000
1344000
836000
502000
1338000
968000
810000
1344000
1351000
1397000
1344000
1344000
1406000
1336000
1344000
756000
690000
1344000
1301000
887000
739000
904000
931000
738000
997000
916000
749000
749000
777000
1344000
1348000
861000
1328000
1344000
924000
1344000
924000
1344000
336000
883000
1008000
1344000
1312000
1377000
1347000
1344000
1344000
1330000
1402000
924000
1328000
1344000
1344000
756000
1344000
1344000
870000
1344000
905000
830000
252000
796000
1148000
1344000
1192000
1344000
1344000
716000
849000
1346000
1344000
772000
826000
856000
725000
1056000
894000
924000
1344000
971000
1008000
1289000
1344000
588000
553000
1348000
1348000
704000
1362000
813000
168000
1396000
720000
1400000
504000
924000
729000
756000
1344000
1344000
756000
