639021
600851
2320587
2021012
1852791
2038330
1347983
2274586
2273432
2274038
1432037
2273798
2331398
2110756
1249083
84194
2274259
871681
2274106
1250207
1768540
1178570
1882759
1684141
2021562
750099
2274048
2281191
1936914
1558487
2010564
1515753
1179156
420767
1684289
1386670
1852986
1684430
709556
892183
2273810
1010587
2273884
1431177
758065
1211790
2273478
2326511
1768353
1262846
589427
2273756
421298
2013229
1600319
1681999
1247769
1465586
2273237
2273175
1853024
1263251
2273958
2227386
2273483
673769
1599939
1171951
2274078
1276621
1347202
2274565
1486406
2274441
1899132
1431812
2114596
2273999
2328672
252880
2274069
1094619
2021372
1001556
2274222
1600437
1804376
2274330
505629
2342218
2273882
2273662
1588471
1684308
1288124
1850262
136888
