1767159
1094059
924509
1515293
138388
1092732
925929
1345875
757213
589587
1765580
336269
925795
1178850
1261547
470823
1767421
1066043
1093369
84172
1766599
1348015
405914
1269202
1599163
1765135
1767076
1766494
251956
1104063
1767112
1766646
1713776
1766511
1766300
1766508
895311
1430238
1682739
559998
842509
1765935
1465175
1766499
1598486
1093988
1266169
1139607
1009524
926190
1766963
926248
924799
1076287
1078828
252219
1768496
945620
1010720
84619
925360
84138
1345696
1009580
1514926
1345153
938915
1178450
1765776
1513999
1155334
1768453
1433825
1766903
1764982
1120193
1743595
1346742
1766793
1765953
1597273
1768441
1009439
1767008
1766249
1598725
925121
1089948
1765523
1534132
1431156
1178892
1765218
1767325
1764780
1765248
1739055
1144941
673112
1010128
1348078
1765496
926573
1176153
1745994
1766191
1766713
1094112
1765830
1767101
1106051
983823
925594
1766200
421356
1768752
1399157
1092296
1263077
1597629
884793
673251
1767399
1176550
1767139
1766400
1725027
1765636
1701795
1767845
926383
1008588
420893
1347463
1479471
1767802
1767815
1769126
1698334
1766346
925487
1766408
1767124
1765821
1765314
1345142
1766031
1210894
1765974
1766796
1766105
1765869
1764367
84115
1767869
1767568
1766585
1761838
1766422
1768563
1767380
1745462
1767373
