95560
1927128
1349174
2276714
84335
440993
72963
1907037
1856034
1508198
338020
2274855
971705
1420947
1770994
1424608
1433676
41102
15421
1250317
1326082
879380
1769659
2094932
869150
2275670
2273476
2067219
2273792
1823201
253499
8948
168902
362206
1260416
1404848
1331378
674262
2276917
2022981
1989497
1600408
2275273
180060
1750469
1690331
1301333
2274454
1316549
1674979
1180651
275432
2254337
918553
1349469
1265511
1180330
1176923
2006990
506847
33404
1048136
18897
45731
8799
133692
221022
1403451
