710730
587664
1091376
670662
587664
799452
755568
365382
838566
755568
83952
923472
93492
335808
666846
630594
588618
670662
1091376
683064
850014
806130
1007424
587664
664938
587664
1091376
1007424
2862
110664
680202
155502
839520
83952
1091376
1091376
1091376
1103778
1053216
333900
18126
570492
1091376
419760
755568
755568
83952
807084
22896
954
711684
1086606
9540
155502
200340
83952
597204
1091376
1071342
419760
889128
581940
57240
4770
1118088
83952
587664
425484
1091376
167904
686880
25758
28620
1091376
221328
755568
588618
587664
616284
671084
115434
1066572
12402
639180
905346
1108548
565722
1063710
614376
1091376
657306
1091376
177444
617238
660168
167904
503712
88722
1091376
627732
861462
400680
745074
1091376
755568
1061802
671616
923472
667800
83952
503712
167904
837612
1091376
661122
251856
599112
256626
83952
3816
671616
865278
671616
1086606
195570
1908
20988
