1127973
1480303
2083059
1091803
2017546
168128
151359
1008236
858596
82903
1344735
1344525
2101312
2067819
1505916
2101364
84702
2087933
18667
2101502
2015640
167763
2100315
2017335
1513544
1343291
1596121
2099675
419960
1514647
1884337
955214
1681281
420297
1343731
2018151
2100717
2101984
1972042
2101498
1137061
2017415
1688017
1093162
1670461
914927
2012875
1298175
2029773
1597501
2017518
2101179
1186266
1274701
1215527
2017313
2016306
1754790
672642
1561572
1260440
2018878
2100335
2100687
2020410
2016030
1512948
2085197
1681029
1248254
1933105
1932534
2016632
1827149
2017590
2100174
1092532
1912604
1431239
1598807
84405
2101468
2018072
2100313
1155699
1094160
588836
1511154
2100052
2019477
2100756
28620
2018331
1009826
589186
2100351
335532
201024
756150
1261120
1123398
925848
855597
1091296
1597454
826844
834871
1088910
2100795
355020
1764101
311697
1121674
419631
2099827
206344
2015464
