52000
12000
401000
117000
1096000
1083000
741000
756000
336000
958000
583000
75000
588000
672000
252000
806000
1092000
168000
172000
82000
61000
1097000
420000
881000
1104000
252000
582000
551000
725000
1092000
700000
1008000
644000
1092000
1030000
1092000
1064000
84000
672000
840000
1092000
1092000
1092000
502000
573000
564000
568000
756000
154000
431000
32000
39000
1103000
209000
1064000
1065000
1050000
1102000
1092000
1101000
1136000
96000
242000
6000
751000
644000
924000
588000
486000
30000
287000
1072000
572000
420000
779000
734000
620000
840000
578000
791000
84000
999000
917000
588000
645000
588000
1092000
336000
573000
700000
657000
84000
582000
588000
684000
985000
168000
588000
672000
577000
1092000
1092000
582000
621000
336000
627000
439000
661000
724000
336000
662000
1110000
252000
588000
942000
717000
1092000
588000
621000
732000
736000
639000
1128000
953000
672000
656000
1095000
1092000
992000
578000
1092000
1079000
1092000
991000
1008000
504000
617000
588000
148000
671000
728000
756000
1092000
84000
975000
576000
672000
672000
756000
542000
588000
1092000
336000
94000
46000
1001000
237000
727000
6000
588000
82000
305000
125000
1084000
402000
816000
67000
393000
12000
302000
588000
1092000
924000
11000
84000
10000
1092000
449000
