871000
469000
1212000
1048000
327000
168000
1075000
1024000
935000
968000
1092000
952000
1043000
588000
1362000
1023000
84000
1118000
90000
93000
1258000
701000
84000
980000
982000
1008000
1484000
504000
96000
256000
163000
103000
168000
92000
1028000
254000
1004000
1184000
260000
1702000
1212000
1024000
1008000
1567000
1016000
84000
99000
89000
472000
1377000
1192000
1072000
1008000
1640000
1428000
503000
92000
16000
3000
34000
70000
3000
1097000
36000
964000
650000
84000
84000
46000
924000
9000
19000
168000
3000
70000
46000
46000
1383000
8000
1008000
1008000
168000
2000
11000
46000
43000
52000
31000
31000
12000
2000
22000
12000
75000
10000
9000
6000
11000
46000
