#Table 1
#Vector   lambda=1   kappa=0 (minimal coupling)   from file from EXO-19-016
#mLQ [GeV] pair LO [pb]   QCD scale (%) down     up       PDF (%)    error down                   error up
200        857.7          25.9                   38.9     3.83       6.33E+02                     1.19E+03
225        447.5          26                     39.1     3.77       3.30E+02                     6.23E+02
250        247.5          26.1                   39.3     3.81       1.82E+02                     3.45E+02
275        143.3          26.1                   39.3     3.74       1.06E+02                     2.00E+02
300        86.78          26.1                   39.3     3.74       6.39E+01                     1.21E+02
325        54.19          26.1                   39.3     3.69       3.99E+01                     7.56E+01
350        34.87          26.1                   39.3     3.62       2.57E+01                     4.86E+01
375        23.05          26.1                   39.2     3.59       1.70E+01                     3.21E+01
400        15.59          26.1                   39.2     3.55       1.15E+01                     2.17E+01
425        10.74          26                     39.1     3.6        7.92E+00                     1.50E+01
450        7.503          26                     39       3.46       5.54E+00                     1.04E+01
475        5.353          26                     39       3.5        3.95E+00                     7.45E+00
500        3.875          26                     39       3.44       2.86E+00                     5.39E+00
525        2.837          26                     39       3.39       2.09E+00                     3.95E+00
550        2.102          25.9                   38.9     3.31       1.55E+00                     2.92E+00
575        1.574          25.9                   38.8     3.34       1.16E+00                     2.19E+00
600        1.187          25.9                   38.7     3.36       8.77E-01                     1.65E+00
625        0.9067         25.9                   38.7     3.39       6.70E-01                     1.26E+00
650        0.6949         25.8                   38.6     3.4        5.14E-01                     9.64E-01
675        0.5384         25.8                   38.6     3.48       3.98E-01                     7.47E-01
700        0.42           25.8                   38.5     3.59       3.11E-01                     5.82E-01
725        0.3297         25.8                   38.5     3.91       2.44E-01                     4.57E-01
750        0.2602         25.8                   38.5     4          1.92E-01                     3.61E-01
775        0.2061         25.8                   38.4     4.21       1.52E-01                     2.86E-01
800        0.1647         25.7                   38.3     4.27       1.22E-01                     2.28E-01
825        0.1322         25.7                   38.3     4.59       9.77E-02                     1.83E-01
850        0.1067         25.6                   38.2     5.22       7.88E-02                     1.48E-01
875        0.08656        25.6                   38.1     5.39       6.39E-02                     1.20E-01
900        0.07034        25.6                   38       5.63       5.19E-02                     9.74E-02
925        0.05752        25.6                   38       6.46       4.23E-02                     7.97E-02
950        0.04703        25.5                   37.9     6.66       3.46E-02                     6.51E-02
975        0.03877        25.6                   37.9     7.17       2.85E-02                     5.37E-02
1000       0.03195        25.5                   37.8     7.78       2.34E-02                     4.43E-02
1025       0.02647        25.5                   37.9     8.62       1.93E-02                     3.68E-02
1050       0.02198        25.6                   37.9     8.6        1.60E-02                     3.05E-02
1075       0.01835        25.5                   37.8     9.5        1.34E-02                     2.55E-02
1100       0.01532        25.4                   37.6     10.4       1.11E-02                     2.13E-02
1125       0.01285        25.5                   37.7     11.4       9.26E-03                     1.79E-02
1150       0.01077        25.4                   37.5     11.8       7.75E-03                     1.50E-02
1175       0.009061       25.4                   37.5     12.9       6.48E-03                     1.27E-02
1200       0.007649       25.4                   37.5     13.6       5.45E-03                     1.07E-02
1225       0.006461       25.4                   37.5     14.3       4.58E-03                     9.05E-03
1250       0.005476       25.3                   37.4     15.2       3.86E-03                     7.69E-03
1275       0.004673       25.3                   37.3     16.5       3.26E-03                     6.58E-03
1300       0.003982       25.3                   37.3     16.9       2.77E-03                     5.61E-03
1325       0.003405       25.3                   37.3     18.4       2.34E-03                     4.82E-03
1350       0.002912       25.3                   37.2     18.7       2.00E-03                     4.12E-03
1375       0.002495       25.3                   37.2     20         1.69E-03                     3.55E-03
1400       0.002139       25.2                   37.1     21.8       1.43E-03                     3.06E-03
1425       0.001841       25.2                   37.1     22.7       1.22E-03                     2.64E-03
1450       0.001589       25.2                   37.1     23.2       1.04E-03                     2.28E-03
1475       0.001368       25.2                   37       24.4       8.88E-04                     1.97E-03
1500       0.001183       25.2                   37       25.8       7.56E-04                     1.72E-03
1525       0.001025       25.2                   37       25.4       6.58E-04                     1.49E-03
1550       0.0008907      25.2                   36.9     27.7       5.57E-04                     1.30E-03
1575       0.000772       25.1                   36.8     28.7       4.78E-04                     1.13E-03
1600       0.0006707      25.2                   36.9     28.9       4.14E-04                     9.85E-04
1625       0.0005859      25.1                   36.8     31.2       3.51E-04                     8.69E-04
1650       0.0005128      25.1                   36.8     31.4       3.07E-04                     7.61E-04
1675       0.0004475      25.1                   36.7     34.2       2.58E-04                     6.72E-04
1700       0.0003919      25.1                   36.7     34.9       2.23E-04                     5.90E-04
1725       0.000342       25.1                   36.7     36.1       1.92E-04                     5.18E-04
1750       0.0003006      25.1                   36.6     37.7       1.64E-04                     4.59E-04
1775       0.000264       25.1                   36.6     39.4       1.41E-04                     4.06E-04
1800       0.0002335      25.1                   36.6     39.9       1.23E-04                     3.60E-04
1825       0.0002047      25.1                   36.6     41.3       1.06E-04                     3.18E-04
1850       0.0001807      25.1                   36.6     42.4       9.17E-05                     2.82E-04
1875       0.0001596      25.1                   36.6     44.3       7.83E-05                     2.51E-04
1900       0.000141       25.1                   36.5     45.9       6.72E-05                     2.24E-04
1925       0.0001246      25.1                   36.5     47.1       5.81E-05                     1.99E-04
1950       0.0001103      25.1                   36.5     48.9       4.97E-05                     1.78E-04
1975       9.76E-05       25.1                   36.6     49.8       4.32E-05                     1.58E-04
2000       8.64E-05       25.2                   36.7     49.9       3.81E-05                     1.40E-04
2025       7.66E-05       25.1                   36.5     52.7       3.19E-05                     1.26E-04
2050       6.83E-05       25.1                   36.6     52.8       2.84E-05                     1.12E-04
2075       6.07E-05       25.2                   36.7     54.6       2.42E-05                     1.01E-04
2100       5.38E-05       25.2                   36.7     55.8       2.09E-05                     8.98E-05
2125       4.81E-05       25.2                   36.7     56.9       1.82E-05                     8.06E-05
2150       4.27E-05       25.2                   36.8     58.4       1.55E-05                     7.22E-05
2175       3.80E-05       25.2                   36.8     60.6       1.31E-05                     6.50E-05
2200       3.39E-05       25.3                   36.8     61.4       1.14E-05                     5.82E-05
2225       3.03E-05       25.3                   36.9     61.7       1.01E-05                     5.20E-05
2250       2.70E-05       25.3                   36.8     62.9       8.69E-06                     4.67E-05
2275       2.42E-05       25.3                   36.9     65         7.31E-06                     4.22E-05
2300       2.16E-05       25.3                   36.9     66.1       6.32E-06                     3.80E-05
2325       1.93E-05       25.4                   37       66.4       5.57E-06                     3.39E-05
2350       1.72E-05       25.5                   37.1     67.3       4.83E-06                     3.05E-05
2375       1.54E-05       25.4                   37.1     70.4       3.88E-06                     2.77E-05
2400       1.38E-05       25.5                   37.1     69.8       3.54E-06                     2.47E-05
2425       1.24E-05       25.5                   37.2     70.5       3.09E-06                     2.22E-05
2450       1.11E-05       25.6                   37.3     72.8       2.53E-06                     2.01E-05
2475       9.90E-06       25.7                   37.5     73.3       2.21E-06                     1.81E-05
2500       8.86E-06       25.7                   37.5     75.1       1.83E-06                     1.63E-05
2525       7.97E-06       25.7                   37.5     77         1.50E-06                     1.48E-05
2550       7.13E-06       25.8                   37.6     77         1.34E-06                     1.32E-05
2575       6.41E-06       25.8                   37.6     78.2       1.13E-06                     1.20E-05
2600       5.71E-06       25.8                   37.8     79.1       9.59E-07                     1.07E-05
2625       5.14E-06       25.9                   37.8     81         7.69E-07                     9.73E-06
2650       4.61E-06       25.9                   37.9     83         6.01E-07                     8.81E-06
2675       4.14E-06       26                     38       82.8       5.47E-07                     7.91E-06
2700       3.71E-06       26                     38.1     85         4.13E-07                     7.17E-06
2725       3.33E-06       26                     38.2     86         3.38E-07                     6.45E-06
2750       2.97E-06       26.1                   38.3     85.6       3.12E-07                     5.75E-06
2775       2.68E-06       26.1                   38.3     88         2.20E-07                     5.24E-06
2800       2.40E-06       26.2                   38.5     87.4       2.10E-07                     4.69E-06
2825       2.15E-06       26.2                   38.5     88.6       1.64E-07                     4.23E-06
2850       1.93E-06       26.3                   38.8     91.9       8.52E-08                     3.86E-06
2875       1.74E-06       26.4                   38.8     91.1       8.95E-08                     3.46E-06
2900       1.55E-06       26.4                   39       94.2       3.37E-08                     3.13E-06
2925       1.40E-06       26.5                   39       92.6       5.14E-08                     2.80E-06
2950       1.25E-06       26.6                   39.2     94         2.89E-08                     2.52E-06
2975       1.12E-06       26.6                   39.3     96.1       3.21E-09                     2.28E-06
3000       1.00E-06       26.7                   39.4     95.8       5.49E-09                     2.04E-06
