#Table 1
#Vector     lambda=1       kappa=1 (Yang-Mills)   from file from EXO-19-016
#mLQ [GeV] pair LO [pb]   QCD scale (%) down     up                           PDF (%)  error down  error up      
200        3121           24.1                   35.1                         2.95     2.36E+03    4.22E+03      
225        1705           24.3                   35.5                         2.87     1.29E+03    2.31E+03      
250        982.9          24.4                   35.7                         2.85     7.41E+02    1.33E+03      
275        591.1          24.5                   35.9                         2.82     4.45E+02    8.04E+02      
300        368.3          24.7                   36.2                         2.89     2.77E+02    5.02E+02      
325        237.9          24.8                   36.4                         2.83     1.79E+02    3.25E+02      
350        157.4          24.8                   36.5                         2.85     1.18E+02    2.15E+02      
375        106.4          24.9                   36.7                         2.83     7.97E+01    1.46E+02      
400        73.14          24.9                   36.7                         2.89     5.48E+01    1.00E+02      
425        51.4           25                     36.8                         2.84     3.85E+01    7.04E+01      
450        36.77          25                     36.9                         2.98     2.75E+01    5.04E+01      
475        26.65          25.1                   37                           2.85     1.99E+01    3.65E+01      
500        19.54          25.1                   37.1                         3.01     1.46E+01    2.68E+01      
525        14.53          25.2                   37.2                         3.04     1.08E+01    2.00E+01      
550        10.87          25.2                   37.3                         3.17     8.11E+00    1.49E+01      
575        8.197          25.2                   37.3                         3.31     6.11E+00    1.13E+01      
600        6.211          25.3                   37.3                         3.56     4.62E+00    8.54E+00      
625        4.811          25.3                   37.4                         3.71     3.58E+00    6.62E+00      
650        3.726          25.3                   37.5                         3.82     2.77E+00    5.13E+00      
675        2.905          25.3                   37.5                         4.16     2.16E+00    4.00E+00      
700        2.273          25.3                   37.5                         4.15     1.69E+00    3.13E+00      
725        1.794          25.4                   37.5                         4.56     1.33E+00    2.47E+00      
750        1.428          25.4                   37.6                         5.2      1.06E+00    1.97E+00      
775        1.136          25.4                   37.7                         5.21     8.41E-01    1.57E+00      
800        0.9098         25.4                   37.6                         5.64     6.73E-01    1.26E+00      
825        0.7317         25.4                   37.6                         5.92     5.41E-01    1.01E+00      
850        0.5938         25.5                   37.7                         6.84     4.37E-01    8.21E-01      
875        0.4815         25.5                   37.7                         7.16     3.54E-01    6.66E-01      
900        0.3936         25.5                   37.7                         7.17     2.89E-01    5.45E-01      
925        0.3211         25.5                   37.7                         8.09     2.35E-01    4.45E-01      
950        0.2635         25.5                   37.7                         8.5      1.93E-01    3.65E-01      
975        0.2169         25.5                   37.7                         8.77     1.58E-01    3.01E-01      
1000       0.1794         25.5                   37.8                         9.44     1.31E-01    2.49E-01      
1025       0.1485         25.5                   37.8                         10.1     1.08E-01    2.07E-01      
1050       0.1235         25.5                   37.7                         10.6     8.94E-02    1.72E-01      
1075       0.1028         25.5                   37.7                         11.4     7.41E-02    1.43E-01      
1100       0.0861         25.5                   37.7                         11.9     6.19E-02    1.20E-01      
1125       0.07219        25.5                   37.7                         12.5     5.17E-02    1.01E-01      
1150       0.06065        25.5                   37.7                         13.7     4.31E-02    8.50E-02      
1175       0.05093        25.5                   37.7                         14.3     3.60E-02    7.15E-02      
1200       0.04304        25.5                   37.7                         15.4     3.02E-02    6.06E-02      
1225       0.03629        25.5                   37.6                         16.3     2.53E-02    5.12E-02      
1250       0.03087        25.5                   37.6                         16.9     2.14E-02    4.36E-02      
1275       0.02627        25.4                   37.5                         18       1.81E-02    3.72E-02      
1300       0.0223         25.5                   37.6                         18.8     1.52E-02    3.17E-02      
1325       0.019          25.5                   37.6                         19.6     1.29E-02    2.71E-02      
1350       0.01626        25.4                   37.5                         21.6     1.08E-02    2.33E-02      
1375       0.01389        25.5                   37.6                         21.8     9.23E-03    1.99E-02      
1400       0.01191        25.5                   37.5                         22.7     7.84E-03    1.71E-02      
1425       0.01023        25.4                   37.5                         23.7     6.68E-03    1.48E-02      
1450       0.008822       25.4                   37.4                         24.6     5.70E-03    1.28E-02      
1475       0.007596       25.4                   37.4                         25.7     4.85E-03    1.10E-02      
1500       0.006524       25.5                   37.5                         26.5     4.12E-03    9.52E-03      
1525       0.005658       25.4                   37.4                         28.3     3.51E-03    8.31E-03      
1550       0.0049         25.4                   37.4                         29.3     3.00E-03    7.23E-03      
1575       0.004235       25.4                   37.4                         29.9     2.57E-03    6.26E-03      
1600       0.003683       25.4                   37.4                         31       2.21E-03    5.47E-03      
1625       0.003194       25.4                   37.4                         32.5     1.88E-03    4.78E-03      
1650       0.002795       25.4                   37.3                         33.3     1.62E-03    4.19E-03      
1675       0.002438       25.4                   37.3                         34.4     1.40E-03    3.68E-03      
1700       0.002126       25.4                   37.2                         36.5     1.18E-03    3.23E-03      
1725       0.001862       25.4                   37.3                         37.7     1.02E-03    2.85E-03      
1750       0.001626       25.4                   37.2                         38.3     8.79E-04    2.49E-03      
1775       0.001427       25.4                   37.3                         39.1     7.62E-04    2.20E-03      
1800       0.001248       25.4                   37.3                         40.9     6.47E-04    1.94E-03      
1825       0.001096       25.4                   37.3                         41.9     5.59E-04    1.71E-03      
1850       0.0009651      25.4                   37.2                         43.4     4.80E-04    1.52E-03      
1875       0.0008472      25.4                   37.3                         44.1     4.16E-04    1.34E-03      
1900       0.0007463      25.4                   37.3                         45.9     3.55E-04    1.19E-03      
1925       0.000659       25.4                   37.3                         48       3.01E-04    1.06E-03      
1950       0.0005791      25.4                   37.2                         48.6     2.62E-04    9.34E-04      
1975       0.0005114      25.4                   37.2                         49.4     2.27E-04    8.28E-04      
2000       0.0004525      25.4                   37.3                         51.3     1.93E-04    7.40E-04      
2025       0.0004002      25.4                   37.2                         52.6     1.66E-04    6.58E-04      
2050       0.0003543      25.4                   37.2                         54.1     1.43E-04    5.87E-04      
2075       0.0003141      25.4                   37.2                         54.9     1.24E-04    5.22E-04      
2100       0.0002787      25.4                   37.2                         55.3     1.09E-04    4.64E-04      
2125       0.0002475      25.5                   37.2                         57.1     9.27E-05    4.16E-04      
2150       0.0002196      25.5                   37.3                         58       8.05E-05    3.71E-04      
2175       0.0001947      25.5                   37.3                         59.3     6.90E-05    3.31E-04      
2200       0.000173       25.6                   37.4                         61.4     5.79E-05    2.97E-04      
2225       0.0001538      25.6                   37.4                         61.8     5.09E-05    2.65E-04      
2250       0.0001367      25.6                   37.7                         65.2     4.09E-05    2.40E-04      
2275       0.0001219      25.6                   37.5                         65.8     3.58E-05    2.14E-04      
2300       0.0001086      25.6                   37.5                         64.5     3.32E-05    1.90E-04      
2325       9.67E-05       25.7                   37.6                         66.7     2.76E-05    1.71E-04      
2350       8.63E-05       25.7                   37.7                         68.7     2.30E-05    1.54E-04      
2375       7.68E-05       25.7                   37.7                         69.8     1.97E-05    1.38E-04      
2400       6.87E-05       25.8                   37.7                         71       1.68E-05    1.24E-04      
2425       6.12E-05       25.8                   37.8                         72.9     1.39E-05    1.11E-04      
2450       5.46E-05       25.8                   37.8                         72.8     1.24E-05    9.94E-05      
2475       4.87E-05       25.9                   37.9                         74.3     1.04E-05    8.94E-05      
2500       4.36E-05       26                     38.1                         75.6     8.75E-06    8.05E-05      
2525       3.88E-05       25.9                   38.1                         76.4     7.50E-06    7.19E-05      
2550       3.48E-05       25.9                   38                           77.8     6.27E-06    6.49E-05      
2575       3.10E-05       26                     38.2                         78.3     5.43E-06    5.80E-05      
2600       2.77E-05       26.1                   38.3                         80.4     4.28E-06    5.23E-05      
2625       2.48E-05       26.1                   38.3                         80.7     3.77E-06    4.70E-05      
2650       2.22E-05       26.1                   38.3                         82.1     3.08E-06    4.23E-05      
2675       1.98E-05       26.1                   38.4                         83.8     2.43E-06    3.81E-05      
2700       1.78E-05       26.2                   38.5                         84.8     2.00E-06    3.43E-05      
2725       1.58E-05       26.3                   38.7                         85       1.74E-06    3.06E-05      
2750       1.41E-05       26.3                   38.7                         86.1     1.41E-06    2.75E-05      
2775       1.27E-05       26.4                   38.8                         88.4     9.84E-07    2.50E-05      
2800       1.14E-05       26.3                   38.8                         87.6     9.69E-07    2.22E-05      
2825       1.02E-05       26.4                   38.9                         90.1     6.21E-07    2.01E-05      
2850       9.09E-06       26.5                   39                           90.6     5.09E-07    1.80E-05      
2875       8.14E-06       26.5                   39.1                         91.5     3.86E-07    1.62E-05      
2900       7.27E-06       26.6                   39.2                         92.2     2.94E-07    1.46E-05      
2925       6.48E-06       26.6                   39.3                         91.8     2.87E-07    1.30E-05      
2950       5.82E-06       26.7                   39.4                         93.6     1.55E-07    1.17E-05      
2975       5.19E-06       26.7                   39.5                         93.6     1.38E-07    1.05E-05      
3000       4.63E-06       26.8                   39.6                         95.6     3.31E-08    9.42E-06      
