480726
82561
63935
1090581
1118361
570153
3148
192576
1119425
1120461
582471
1583998
313898
319498
83956
1439859
1528427
374232
799359
81586
18878
698484
850909
1267000
319010
1143202
1118476
1757567
1277511
50514
759204
1120014
300006
1118971
84079
135830
24089
1025640
1757626
26039
168669
1441631
102502
27987
1068726
680780
417510
62714
59772
1046467
159650
480657
1118750
81694
1134689
32540
2079401
758365
50173
41936
693370
274331
82285
1609437
56306
174116
1140274
1279272
638793
2078195
2078322
1210026
1279268
1279348
2078314
548295
2077483
1119234
2077551
2079064
2078046
65093
1020
2077966
1918126
1507710
1759915
2077251
1621894
1597202
101727
2079029
88044
2078803
2077736
400684
20751
1920342
1917854
2076573
2076217
1989123
1117656
28341
51605
480015
69287
37992
1277953
1361272
160273
3101
2076851
