210794
958371
797247
774060
56729
799171
30410
38519
935659
1104741
242757
1102002
159409
844913
150739
139726
792133
34287
799928
860319
799355
478662
868610
639408
5996
639672
38228
4084
26211
671896
4002
1278329
1439106
65006
797933
1440096
1119325
958917
54715
1124243
797219
197200
914007
800047
798382
1235177
893174
160293
1177273
1117891
1119146
28245
12333
1232866
958509
1132709
759997
1453382
799414
639092
159859
1434133
1128699
735100
122881
1355226
928121
774396
1118796
479458
1437529
160232
877062
638896
1439648
1099798
1438984
945421
1548728
799432
440474
879038
798625
969104
1438296
2047
398064
320031
30183
982955
1278153
886078
895330
311029
1040608
92716
1437994
600641
478647
798081
1118659
813786
959632
571775
845222
1034595
160136
139057
817083
