2083510
1120534
2084621
2081365
2082103
2084207
2083302
2083403
1601232
1764461
2083179
848789
1283554
641124
2084416
1763720
2084638
1123153
1282016
2082570
1951185
1923814
1602551
1779960
2084006
1847276
1121303
2083547
1121410
1601008
1920761
2083970
1122789
2084063
1990082
320715
1441254
1121161
2082644
1282415
1282628
2083664
1122415
1603376
395340
2083209
1281252
480149
1123003
2084227
2083323
1461138
480408
424450
962589
1282722
1579264
1283487
160341
14783
1121947
1259473
27697
56000
9929
9517
2084556
801958
148218
2082420
1377787
319785
2083672
1282898
14495
