2050786
1752181
1879148
1907298
2120134
2018830
1923814
2118904
1659032
2709560
2135544
2511362
2431803
2418747
1931228
2205541
1916029
1913972
1605587
1931991
1730432
2656594
2791410
2410305
2614203
1831502
2494946
1902636
1906791
1125595
931881
2469260
1834587
1758691
1558129
1665653
2322258
21467
2674179
2191224
1448745
2078870
2620804
2089681
1197085
2715797
2515233
2070916
2045422
2281180
1725458
2830509
2546877
1862938
1637235
2585620
989001
1391023
1233391
1950539
796272
1847040
1740443
1589229
1268282
1376399
