48341
84544
84822
83961
42474
46435
84510
84058
84757
78249
31125
84660
84641
43298
84731
7185
30868
6189
37096
84439
26744
23881
43021
67105
84377
74368
43477
47393
64878
39042
47547
60806
84705
48532
84803
51821
45432
22623
84637
55625
81322
31229
49374
54731
19512
84737
84548
84415
84415
16681
84122
84585
81347
56674
83972
84775
64125
33079
84696
56636
45237
43390
84486
55668
84654
84597
45299
84765
84363
84366
41199
84698
84732
78445
84663
41219
84579
84777
84735
84925
84809
45283
84664
84619
84720
64178
84382
84864
65960
84519
65797
84684
59944
40451
58677
58867
62855
84407
45415
75542
84628
84393
84638
60884
84795
33252
84470
84323
84847
58485
84625
84766
84669
80728
48650
71209
61105
79497
84564
71239
72397
51622
41365
84670
41232
84734
84602
