1120000
11000
1164000
1692000
1228000
168000
924000
4000
1260000
572000
840000
497000
879000
110000
501000
1600000
908000
992000
19000
916000
160000
960000
15000
892000
1600000
868000
1045000
3000
1640000
1237000
84000
1236000
33000
45000
960000
160000
84000
84000
17000
959000
106000
850000
216000
65000
225000
485000
160000
84000
732000
168000
3000
45000
404000
987000
960000
412000
640000
588000
640000
8000
5000
71000
304000
1400000
27000
244000
21000
968000
1280000
484000
1280000
1024000
334000
3000
1120000
734000
176000
1420000
904000
30000
863000
161000
45000
1600000
160000
919000
800000
103000
1321000
928000
1572000
72000
1600000
1220000
1236000
960000
1108000
34000
487000
30000
1184000
480000
982000
984000
976000
1553000
1172000
771000
960000
1268000
960000
1120000
1060000
84000
1392000
160000
252000
1384000
960000
960000
168000
1368000
38000
1120000
1000000
920000
160000
1692000
41000
912000
1600000
917000
40000
1307000
623000
1220000
1164000
1208000
912000
461000
83000
960000
1220000
1600000
1280000
892000
873000
107000
640000
38000
1024000
1596000
960000
84000
415000
1016000
26000
160000
1600000
940000
906000
163000
960000
84000
160000
880000
239000
840000
124000
22000
976000
808000
1220000
992000
27000
105000
976000
168000
1076000
1120000
84000
1693000
59000
252000
34000
1210000
12000
320000
21000
1328000
123000
1336000
336000
98000
1724000
1252000
888000
1079000
1228000
30000
390000
960000
