6197
8291
84901
84481
83930
84942
84920
62975
39988
29995
9254
84698
14461
52799
44228
84281
84694
84740
84632
84743
64840
84369
84805
47618
84402
45632
62940
74242
49546
84725
57568
79431
45767
84730
25847
67874
84858
41225
84474
84592
84499
84762
84674
66895
84706
84677
84678
71140
84676
25750
84497
84772
84700
84406
84620
84405
14474
84479
84660
84806
84642
84208
84723
84352
84715
84613
72144
4114
64070
53534
71264
84775
84682
59072
84331
47402
76366
84429
84569
84500
84524
84547
84880
78704
84688
83992
84885
84683
78578
44304
84595
7122
84825
58162
49645
84495
84593
84612
84535
84672
2099
84903
84525
44473
83929
70829
42235
78271
68237
84501
43145
9256
84427
83940
77449
84555
84559
44307
83896
64931
83983
84296
