160000
1280000
1280000
1280000
1120000
1280000
1280000
1280000
1280000
1280000
1280000
1280000
800000
160000
1280000
1280000
1280000
1280000
1280000
1280000
860000
1280000
1280000
960000
1280000
960000
1280000
1280000
1280000
1280000
1120000
1280000
1280000
1280000
1280000
1280000
1280000
1280000
1280000
1280000
1280000
1280000
320000
1280000
1280000
1280000
1280000
1280000
1280000
1280000
1280000
1146000
1280000
800000
1280000
1280000
1280000
1280000
1280000
1280000
1280000
1280000
1280000
1280000
1280000
1280000
960000
1280000
800000
1280000
1280000
1280000
1280000
800000
1280000
160000
1280000
1280000
1280000
1280000
1280000
1280000
1016000
1280000
800000
1120000
1280000
1280000
1280000
1280000
1280000
800000
1280000
800000
1280000
1280000
1280000
960000
1280000
1280000
1280000
1120000
1280000
1280000
1280000
1280000
800000
1280000
1280000
800000
1120000
1280000
1280000
800000
1280000
1280000
1280000
800000
1280000
800000
1280000
1280000
1280000
1120000
1280000
1280000
1280000
320000
1280000
1280000
1280000
1280000
1280000
1120000
1280000
1280000
960000
1280000
1126000
1280000
1120000
1280000
1280000
800000
1280000
1280000
1280000
1280000
960000
1280000
1280000
1280000
1280000
1280000
480000
1280000
1280000
960000
1280000
1280000
1120000
1280000
800000
1280000
800000
800000
1120000
800000
1280000
1280000
1280000
800000
1280000
1280000
1280000
1280000
1120000
1280000
1280000
1280000
1280000
1280000
1280000
1280000
1280000
1280000
1280000
960000
1280000
1280000
1280000
1280000
1280000
1280000
1120000
1280000
800000
1280000
1280000
1280000
1280000
1280000
1280000
320000
1120000
320000
1280000
1280000
800000
1280000
1280000
990000
1120000
1280000
1280000
1280000
800000
1280000
1120000
1280000
1120000
1280000
1280000
800000
1280000
1280000
1280000
800000
960000
1280000
818000
1280000
1120000
1280000
1280000
800000
480000
1280000
1280000
1280000
960000
1120000
1280000
1280000
960000
1280000
918000
1280000
800000
996000
1280000
1280000
1280000
960000
1280000
1120000
1280000
800000
1280000
1280000
1280000
1280000
1280000
1280000
1280000
1280000
1280000
1280000
640000
1280000
960000
1280000
800000
1280000
1280000
1280000
1280000
960000
800000
960000
1280000
1280000
480000
1280000
1296000
960000
1280000
1280000
1366000
1280000
1280000
1280000
1280000
1280000
1280000
1280000
1280000
