1120000
1120000
640000
1092000
1032000
744000
698000
1002000
1120000
1120000
640000
960000
800000
800000
640000
1004000
744000
1042000
1120000
960000
1120000
800000
1106000
1120000
470000
640000
616000
1120000
654000
588000
598000
960000
1120000
636000
640000
640000
1024000
590000
804000
1120000
1120000
1120000
960000
712000
1120000
640000
1074000
1022000
1120000
960000
1032000
1078000
1120000
1004000
640000
1120000
640000
1120000
960000
1120000
1120000
1120000
1090000
1120000
1120000
1120000
1120000
1120000
634000
1120000
726000
640000
1120000
1120000
1098000
1120000
1120000
1120000
1042000
1106000
1120000
1120000
1120000
1052000
934000
1120000
1110000
1120000
1088000
1120000
1120000
1116000
984000
1112000
1128000
1104000
1120000
1120000
640000
1120000
800000
1120000
1120000
976000
970000
1120000
640000
1102000
786000
1120000
1120000
1080000
768000
1100000
1120000
960000
160000
1120000
1120000
1120000
1120000
1120000
1120000
1120000
1120000
1120000
1120000
1120000
1120000
1062000
1120000
596000
1120000
960000
1120000
1120000
1052000
1120000
1120000
1066000
1070000
1102000
1120000
1120000
1056000
1120000
592000
640000
1120000
1120000
1080000
640000
860000
1044000
1120000
960000
1120000
1120000
1022000
640000
1120000
