959597
1120094
1759294
937407
1757961
1759600
1758220
1760597
960261
1599437
1760592
1759038
1759216
1760253
1279967
1759891
1759623
1441000
1759527
960600
1759568
1760899
1760569
1278935
639933
1760005
958986
1760012
1760657
1760554
1757815
1758109
959814
1760496
1762152
1600076
1120040
960321
1281149
1600026
1759118
1759489
959397
959104
960632
501633
1759570
1119410
942437
159896
479938
1759160
1599178
1760221
1758207
1760058
1760615
160152
1760196
479713
319393
1760713
1759065
1759448
1760559
1304277
1319934
1758907
