660000
872000
920000
862000
1692000
380000
1158000
55000
793000
1430000
894000
1692000
801000
1045000
55000
1375000
990000
1100000
275000
550000
1045000
902000
1039000
916000
1705000
1485000
935000
1705000
961000
330000
455000
1339000
323000
880000
352000
1705000
1164000
1144000
1155000
372000
1045000
1705000
1705000
220000
833000
976000
1265000
1045000
1443000
440000
1141000
1705000
220000
1207000
1122000
356000
880000
27000
855000
1045000
55000
485000
1210000
1375000
914000
982000
1705000
861000
1210000
961000
1052000
770000
1430000
220000
853000
1667000
1320000
1694000
1001000
1045000
1094000
1344000
1705000
327000
959000
880000
1705000
1667000
440000
1132000
150000
1694000
217000
292000
165000
233000
493000
1630000
1147000
275000
1100000
840000
827000
7000
931000
13000
503000
7000
55000
