916016
1002219
1024663
863512
865634
1060430
665461
70557
976583
993551
864720
265999
33726
54223
22888
850067
62213
930356
398842
1119163
994308
864001
69105
513179
1055386
199387
635614
863229
864689
1184707
1184520
996406
1065555
1460486
1197776
599648
637313
438198
1243142
1134577
1240574
1353125
1106110
979941
1662616
1663050
665013
980241
732321
527705
391022
844582
863369
799703
867922
1070386
577289
1065208
1127712
1131416
1662910
1462900
665731
1595988
970193
401212
816424
1091073
929993
1228941
1664056
1659648
1197186
266399
1663512
1151736
1032155
1663060
532452
855061
132551
257454
661399
1329641
1247374
997133
1663201
997202
465596
996841
863038
1131059
1424012
1171083
1465095
864192
132994
143090
459387
957486
1166479
999332
790728
1111034
864056
265070
1090960
214151
859946
997488
504480
878825
598285
1017736
243235
1531432
511319
997139
1091404
1076021
1530113
1462317
464821
443575
877997
6290
902803
542922
25133
95863
41378
592208
1195783
997867
1096862
873247
1006229
909389
930594
996547
723414
4302
677074
