22158
583531
16800
1390886
598906
1431607
260114
40798
1149966
1943682
1061064
1528472
1006197
863566
91355
1565042
207329
33527
279485
71154
198845
1909316
46145
1083122
782075
1305633
108844
83036
332668
1920396
284381
25145
1128673
46082
55880
1350543
88626
4228
85617
888889
994542
605100
756903
740748
1920383
1365725
1722658
50230
183197
1860185
251743
1923808
36683
1856275
53412
1522736
1258523
1923307
15777
599090
1255449
793512
1127710
472462
1921889
66056
1921320
36844
140366
1551547
78357
1869952
252581
1061607
11599
152553
107101
988906
861971
4156
47049
56575
66046
1811930
565468
738185
129890
1382697
57303
498478
56465
917530
1061086
570977
177721
1039475
582471
702255
664830
134698
1924182
446005
1315641
1920372
1920812
1722790
1921921
1922800
1927901
1923391
1623733
1918652
1924780
1914047
1921788
1922810
596567
1195683
