67718
512652
995688
1498671
759374
797079
1515471
797714
1121800
544874
922228
250229
1499028
692741
1393043
1404826
597860
955513
928389
1262561
956414
1527507
85568
1525742
817570
1521412
1524760
985282
912123
1462460
166967
1485071
835395
789851
663728
1276526
931054
763038
920622
857537
1527047
453523
534932
1527450
1393444
132999
132437
918736
36745
1527367
1020586
1447878
1190159
1074717
428774
780674
1366669
522695
465342
1206666
66208
199056
655049
24399
663875
63017
302255
775148
802234
320199
16067
862618
506534
797650
133276
1195344
1417389
54892
772693
12193
330431
518002
985501
61207
100353
66371
12199
694863
1122708
1524388
859297
2058
1393918
10138
104037
995190
372726
1335189
715362
780929
40739
6105
4060
66039
10179
30519
99794
808899
586534
4057
30510
