398334
1920515
1922809
1921342
1923895
1923449
1923488
1922209
1520502
66271
1924771
980173
1792934
1920489
996474
1463405
941878
1919558
465252
1924637
1020252
265462
1924337
1731654
7340
530793
1722297
1328304
1274800
32295
242509
47173
1122966
1921053
94219
1920892
797692
997372
1192551
1922264
995725
1921378
1185409
1938185
1928251
999182
198211
1935545
1920344
1920240
1919149
1125548
995234
1722456
1929126
1060377
1924611
1026351
1661296
1791991
1525561
1919472
1723879
863870
1920539
1921099
727957
1924386
1437903
1240372
1061071
