922019
610929
759396
965943
669372
145563
742335
820380
907500
858495
1328217
1017489
984456
787347
809853
1254891
733623
790251
586971
1128204
771012
803319
810579
278784
810579
901329
950334
882452
83853
763026
921657
139755
1537305
1537305
1537305
1537305
1537304
1537305
1145991
1537305
1537305
1537305
1034187
1537305
1251987
1537305
1537305
1537305
1537305
1537304
1537305
1537305
1537305
1537305
1537305
1537304
1537305
1341648
1537305
1537305
1535853
1537305
838530
670824
391314
766293
772464
744150
826914
838530
882453
781176
1022571
27951
1145991
810579
972477
1006236
1313697
1537305
621093
860673
39204
967758
795696
178233
817839
279510
1003332
307461
1518428
792066
819291
27951
1491204
1059960
1290465
1515525
782628
1509353
1502818
1486848
1526052
1507175
1533312
1533675
776094
111804
1515433
802593
753225
478797
837078
782628
1513347
1517340
1536942
1430583
1537304
1529682
1517703
950334
1537305
1537305
1537305
1527141
810579
1490115
1526052
1033824
1537305
1516251
1481403
1173941
1537305
850146
504933
7260
54450
37389
12342
447216
821106
260271
352473
71148
363363
853776
15246
914034
763752
931457
973203
1222947
139755
205458
772827
838530
773190
218163
524898
6534
120516
3630
269346
635250
609114
88209
198561
911492
848694
252285
874104
756855
391314
740520
45738
410553
65703
843975
190938
767019
726726
83853
719829
1034187
955052
1062138
1201893
810578
838530
838530
820017
810579
1537305
950334
782628
1537305
1341647
279510
363
894431
759033
881727
778635
548856
5082
165165
474804
7260
363
760485
99462
49368
42471
219252
163350
384054
763026
11616
63162
594957
782991
1025112
111804
609477
825462
760848
184404
696234
955416
956505
132858
87483
1201893
1202982
1537305
1498827
1517340
841434
1515888
1369599
1537305
1534764
894432
810579
1537305
1536579
1534764
1537305
1514799
1509354
1537305
1537305
1537304
1537305
1537305
1537304
1498464
1537305
1535490
1536216
1537305
1521333
1537305
1199715
814208
32307
1512257
1510806
1534401
1369599
1537305
1537305
1170311
1537305
1531860
1537305
1537305
1537305
1090089
1537305
1537305
1537305
1537305
1313696
1514073
1537305
1520607
1537305
1519881
1537305
654852
1397550
1537305
1537305
1537305
1537305
1537305
1537305
1425501
808038
782628
201828
27951
1005873
749958
779724
55902
779361
735801
103818
726
83127
193116
4719
307461
819290
773916
906048
657756
856317
903869
1521696
1010229
1069034
190575
574629
789525
27951
55902
6171
559383
726
10890
27951
331782
355377
83853
478434
17424
223608
1815
70059
106359
70785
75141
6534
27951
27951
736527
771375
22506
726
839619
867207
810942
880275
866481
847605
922383
894069
861036
777546
997887
391314
226149
540507
251559
767745
785169
1131108
1123847
1462890
830907
1220043
780450
1013857
810579
195657
11979
93654
1815
139755
522357
666831
218889
26499
195657
922383
