1296421
868191
1533184
1507043
1064681
86316
990757
901303
1159318
1194997
1178534
1365009
1330781
67172
72615
937278
20189
533433
602298
4222
1298635
272496
1102510
1123301
1198745
1527654
1193307
1196971
1131622
598554
1753620
266387
133043
909749
1464898
930223
930879
746657
493727
516237
56860
928401
1064473
1463234
1796984
666388
133012
1147756
1121197
1397447
1197300
1000543
1798020
256910
465327
242387
36307
32357
293390
818947
1018539
1182040
1728908
1797226
1795913
866258
1065724
998726
971104
1518045
1396921
1399080
1060199
892264
1760437
1332681
1104778
1261346
926400
1407297
65984
1242604
732782
1474188
461904
188598
91373
1260136
266454
1041262
1398162
1331425
531740
100807
1798839
915522
1798629
466561
1065579
1280304
248898
1196313
997514
932563
1056815
532635
1797002
1129277
464529
1461352
1063466
1199730
929323
660084
133602
445040
619778
279597
329312
1130027
999452
733730
932043
666628
933279
1748414
1133135
1008295
332334
1799515
1798691
1727336
932067
1732791
1465001
997557
1795972
1800572
1799222
1800184
1797495
933664
133487
66601
949222
193764
499895
875260
1067644
932695
1265297
1123768
1703570
199719
932242
1998
999529
1731326
1465352
1794769
935043
1796461
1731423
1798664
132546
846626
113223
189998
68722
34294
155012
182134
6017
70851
1064643
1122900
903776
133597
720927
1375074
1177587
867181
481113
1800080
411269
468088
66732
14168
485289
641912
30333
732387
662145
786746
187380
1201277
113789
933112
266742
529186
1734882
66486
957033
1796827
1274411
1715320
1067209
1462780
1264231
932803
932192
1132737
533047
272048
