1068606
1135062
1936213
1647570
1934309
801427
1937030
1059728
1177389
66808
267322
267022
1447329
667764
1001904
1668794
1335517
1936506
66776
1936337
1401974
1125045
1936543
1542816
3512
1268622
1991062
1927482
1936643
1097029
1204921
1936792
1935765
1202346
867972
572886
868135
1935705
1735809
1201011
418289
1937013
1201571
1799822
1202420
935000
534042
1937308
1001843
1135767
333830
1265281
1335378
267338
1936934
1401903
1463771
1404100
1177243
1736595
1936541
1135186
664090
1936337
534467
1001587
1067783
1135404
1539075
15795
