1890007
1133670
1052658
1240612
56208
1452994
1273540
268321
1444570
98314
1589834
2177898
1462742
1307346
1630251
1853550
1142289
2000323
1593777
1897949
793605
1907430
1208290
2575883
1437847
1804739
4614
2179956
1848566
1194853
1471171
2840947
963683
2162839
2593190
1503881
987680
2187126
1258576
1826167
2205545
2250152
1827636
2680689
47726
1647888
1856028
767852
10449
62597
2348041
1463479
246879
2097427
1829972
2574895
4587
1739054
1805844
1654413
2847869
2361261
1195520
1467958
25844
555830
69321
1838081
2544410
1592345
2333056
1806309
1342232
2403284
1910703
1863588
2690828
2669699
4843
363546
1713336
1070225
1336198
1742401
1921578
2335711
2110723
2762605
1541863
1051519
1232683
2116218
1245762
2411846
558032
2819563
1809299
1368833
2439419
1325477
1339111
2512670
1835226
1669826
1845907
14949
1997164
1674328
2147881
780444
1936784
1000495
1724888
40027
1809546
1803030
258702
1764131
1621746
1757733
2139436
949175
2117565
1822228
1835993
1809184
2266315
957135
1553968
10170
2000635
2234165
1494641
749062
1485408
1764659
2077316
1756277
1558967
1507981
1484402
799201
2299142
852977
1050840
2243925
1765615
2724723
1494808
30674
1177265
1598687
1442846
1834131
2616647
2431739
2776470
2024648
57526
1524525
1316255
15965
2033132
1563914
1523609
2523950
1279906
904414
610149
1899893
1428263
905250
2426980
2107362
1461815
884909
2501164
944139
2211969
1415026
2388467
797504
2253010
1730270
9803
1287808
1188086
1385000
1650541
752528
1110514
1053027
1133529
2232405
1576882
5237
1633861
1787995
1645992
1683963
2450964
1969457
1205194
1322152
39229
1244449
1513511
1650591
1752241
2073539
15716
60093
1190198
651451
148453
1749871
2013346
1084599
1736870
1382507
1648587
923928
1563956
1642653
1502467
118197
