1122000
1650000
924000
1650000
701000
1006000
833000
462000
1188000
846000
1650000
1056000
1593000
1635000
887000
858000
122000
1003000
990000
70000
1056000
660000
782000
1245000
1324000
1650000
1452000
1386000
1650000
528000
924000
1584000
858000
510000
924000
1608000
462000
1078000
1409000
1381000
990000
867000
330000
1518000
173000
1650000
1650000
1650000
979000
1650000
48000
1650000
858000
1309000
113000
1650000
132000
881000
1074000
1386000
330000
1386000
1168000
922000
1193000
1645000
1056000
594000
982000
858000
1650000
1217000
1650000
396000
840000
1063000
990000
66000
1612000
1002000
1579000
1584000
1169000
1202000
924000
837000
1650000
85000
29000
1122000
1604000
1587000
132000
1092000
934000
1515000
875000
1056000
892000
819000
909000
1012000
66000
1609000
990000
808000
237000
739000
1437000
1251000
892000
924000
1650000
1602000
1627000
199000
1598000
1650000
1419000
1624000
1388000
1065000
66000
384000
990000
565000
1265000
900000
1650000
816000
833000
726000
1645000
1236000
792000
472000
1619000
973000
1336000
1453000
1574000
327000
847000
914000
198000
1522000
1056000
1590000
1650000
1650000
1010000
1615000
437000
319000
378000
528000
1582000
164000
24000
1183000
1452000
1452000
915000
660000
1650000
562000
295000
858000
1449000
851000
1254000
858000
1184000
835000
924000
1188000
858000
9000
924000
963000
389000
1304000
241000
64000
977000
376000
161000
1630000
128000
507000
990000
57000
924000
1097000
330000
924000
