1320000
1320000
1320000
1320000
1320000
1320000
1320000
1162000
462000
1302000
712000
330000
1320000
736000
1320000
924000
1320000
1320000
1320000
1320000
1320000
1320000
792000
874000
528000
1320000
904000
1254000
924000
726000
1292000
726000
868000
846000
198000
726000
1320000
1324000
1320000
1320000
594000
1320000
1320000
1288000
80000
766000
1254000
924000
690000
726000
1320000
716000
1320000
1320000
1332000
1320000
1320000
132000
1254000
1116000
1254000
988000
792000
1320000
1320000
966000
1320000
918000
1292000
594000
396000
846000
1254000
1056000
1320000
66000
1320000
1320000
1320000
264000
132000
1320000
1320000
660000
726000
1122000
1080000
1320000
858000
796000
1320000
1056000
1320000
1320000
1320000
1320000
792000
852000
858000
1320000
1320000
66000
1320000
1320000
1314000
264000
726000
1320000
1012000
1320000
858000
924000
792000
1320000
990000
1280000
1126000
1320000
1056000
528000
792000
396000
838000
792000
1320000
726000
1320000
924000
132000
858000
1320000
462000
1312000
1320000
1330000
858000
726000
1320000
792000
1320000
940000
858000
1320000
1320000
924000
858000
1320000
308000
1322000
594000
1320000
692000
1320000
528000
766000
1320000
198000
1320000
1320000
1320000
1320000
1320000
982000
858000
1320000
858000
726000
1320000
1282000
1320000
698000
1320000
792000
956000
1320000
1320000
1320000
1320000
792000
1320000
1320000
946000
1320000
986000
66000
528000
1306000
792000
908000
964000
806000
1188000
1320000
726000
726000
1254000
1320000
1216000
726000
1314000
1056000
726000
1006000
686000
406000
1336000
726000
1320000
1166000
792000
704000
1320000
858000
1320000
66000
1320000
264000
1320000
132000
1320000
792000
726000
726000
924000
792000
1320000
852000
726000
1320000
792000
1320000
676000
1220000
726000
1320000
754000
1320000
1320000
1028000
792000
984000
1320000
1320000
462000
1320000
858000
1320000
1320000
990000
726000
1188000
990000
132000
792000
792000
726000
1320000
1320000
1320000
726000
1320000
1320000
786000
1122000
792000
132000
594000
1320000
132000
882000
66000
1320000
1320000
990000
1320000
1320000
1174000
1188000
1068000
1320000
1056000
792000
924000
1320000
1320000
30000
990000
726000
132000
1330000
706000
734000
1320000
792000
1298000
1320000
1320000
858000
924000
900000
1320000
528000
1294000
1320000
506000
50000
652000
1300000
792000
396000
792000
462000
66000
1320000
1056000
858000
1022000
1320000
1320000
846000
1320000
1320000
1054000
694000
1320000
1320000
1320000
1056000
10000
198000
726000
990000
924000
726000
678000
726000
924000
822000
726000
