1531967
865890
1136074
934267
1267605
1134149
933179
1663529
932207
1665926
734512
1666617
1134104
1665184
1667097
1000495
1665835
1667352
999865
999763
1665186
1665858
1018614
1666131
1667152
1000541
1066996
998520
1663039
1464573
1665201
1666814
1665821
1666291
1665309
1666509
1667250
1666299
933858
1665682
1665560
1264844
1666526
1254736
1665035
1476657
1127659
1134510
1664888
1665810
1332278
1666088
1668117
1648191
1459554
1199612
865277
1666960
1667458
1659752
1667350
1065703
924954
1635752
1333472
1664851
1666366
1666806
1665940
1665376
1665263
1266863
867239
1485850
733718
865975
1664793
1666018
1599589
1532778
865493
1400446
1316418
932767
1399718
1666068
1664739
999155
730629
1131753
1667113
1131860
925945
932906
1398912
1666133
1297237
1663900
1666397
1666195
1598409
1039638
1262050
1632649
1667518
1665581
266750
1623256
1664757
982163
1529209
1000629
1600452
866031
1399325
1266784
1066805
1133496
1665378
1666931
133489
1664940
1664590
913368
1666135
1665356
1671092
1665138
1666186
1666666
1467454
1667029
933278
133390
1667139
1664819
866150
933710
1665596
1465253
1199382
1499430
1665970
1666803
884172
1666494
1667147
1667636
1664362
1665074
1665410
1666632
1043436
1666947
865491
1665709
1532551
1666452
1665664
1667141
1666089
1666671
1664495
1668384
1266445
866948
1534664
1398337
1066703
133026
1666245
1665658
1665552
1667104
1665805
1667601
1000758
1265524
1636193
1663814
1665619
1664845
1667299
1667803
1665883
1667997
1663789
1595577
1265965
1341577
1532988
1066200
999919
968964
1666308
1664546
1676897
1665905
1353776
1666205
1667713
1634038
1667121
1665501
1666327
1666903
1264559
1665695
942594
1200121
932325
1657611
1666520
1666339
1245988
1665276
1666527
900210
1331471
1666341
1265181
1399657
1467082
1130796
916660
1665471
1666655
1667907
1665719
1665419
1665714
1665706
1667183
1664866
1664973
1623253
1665322
1566060
1068044
1664965
1627209
1504910
1445008
1666663
1666883
1667296
1664923
1533013
1227815
1524434
1327807
1267381
1665737
993937
763530
1665703
1665424
865278
1666781
1665878
1667094
1332468
176150
1677925
1649824
1667309
1665174
1665045
1664997
1665627
1532819
1232636
920925
1065607
999440
1666605
1666265
1667590
1664490
1665968
1665361
932498
1666176
1666375
394690
1667714
1132455
866317
1171494
133700
877824
992143
1133728
949340
266959
1665008
1665916
905002
857453
1399340
1667560
1666015
1667488
1132863
1668150
1667540
1661271
1664984
1667452
1666586
1134373
1666168
1398247
1666192
933602
1599311
1664691
1668267
1666739
1200505
1266236
931869
934150
1098082
1665946
1666842
932977
865987
934111
1399944
1468484
1667792
1666993
999719
839069
1639567
1084295
866968
1400812
1665440
1133267
1199523
200315
1000328
