1019742
66571
858227
332591
1248263
900955
27211
874934
1314379
865602
266304
296791
29589
94506
675942
150358
757708
157021
390897
466118
18276
224299
1124085
1543575
1532984
965572
29904
238975
228098
1098090
1530082
798631
1530975
436015
823438
1130482
1531371
1361401
1531534
1025977
997976
1198193
798562
1531488
224106
39957
216945
65021
73717
838764
285484
31753
24903
47984
266499
24596
1019365
269896
27079
22552
998437
964443
1265734
532086
733761
30234
93672
38727
318113
48897
1550700
1531441
745561
95110
69987
5237
638417
35494
21209
215988
827043
133525
995809
557648
854956
465821
1202615
1197191
798304
132895
227710
6838
47663
1069200
132427
269954
901322
333472
120296
66929
448453
