1466050
1400129
1466430
1466960
1462561
1267152
1058480
866560
1400620
933559
733479
798091
1401331
1158910
1399069
798976
774329
866591
265533
1401779
1400709
1131264
1401763
1465455
1000062
924687
1463547
1465788
937856
1464353
666998
200140
66778
1466772
1465584
1400410
1110416
1000326
1131617
1451657
1332057
927460
1400291
1465426
734321
9008
936729
878556
1164364
932023
1280444
1465567
200579
1255477
1417193
800168
933821
467202
932692
66999
1134678
1447354
1401247
1466782
1199805
1419329
1333318
1465023
1266890
668186
1464980
1465401
1450358
1055851
994165
48779
734052
1464549
1198966
1201467
1464671
1464945
933655
1465819
1401241
1400714
1234653
1467307
265996
864620
933669
1466374
1400209
