1129246
1689862
1127236
1193565
1658089
1458805
2121519
2121242
1788708
1790278
1723177
2122190
1315153
2121827
1622999
2122684
1260458
1590987
1988727
1460751
1591349
1126741
1374027
1723941
1095859
1126406
1592247
2121005
1724030
1392836
1251576
2113105
1657656
1724462
1924638
1392222
1471258
1959343
1904187
257962
2122281
2121679
1790679
2128080
1193225
1790604
2019248
2122168
2029180
2121341
1326298
2120110
1107418
2109687
1591363
1127061
2121383
1566008
2055518
2122150
2122210
2038051
2119078
1194270
1701468
2122152
1657450
2107587
1325740
2121429
2121806
2121080
2122349
2120889
1392601
2121590
66230
1706859
2069994
2121098
2122090
2122810
2161992
1127585
2135608
2131196
351150
2122045
1525097
2055298
2121748
1524772
1127170
1126810
331649
1516090
1524871
1126722
1718581
1514103
1901014
1658024
