253240
662688
1125235
2116757
2118539
122145
109059
471051
53672
1908564
732379
31030
292031
786403
77048
121720
2113131
1048761
208136
513993
824458
114389
66173
143082
631213
75214
591087
376521
390031
148914
1085035
133230
173049
2118148
129109
1570805
61704
8612
308076
1256926
396745
1021379
1222357
1257668
1580923
993614
1240331
339663
440300
2117296
1316674
590768
70835
1510178
732066
198587
976322
497638
1190499
596322
2114830
949596
2121647
11071
1527834
2117059
1125925
1197394
198351
1722429
66228
1395037
1422434
1605513
2137926
1685245
31723
186773
1192189
131995
885186
540847
1219093
264598
2116602
743134
704268
1190420
2119473
1862346
2111809
777802
132912
80057
