69000
42000
17000
136000
250000
1000
123000
139000
650000
739000
198000
583000
785000
521000
305000
247000
594000
660000
542000
594000
660000
549000
801000
594000
612000
1056000
858000
594000
1056000
462000
204000
121000
749000
792000
594000
66000
636000
22000
211000
151000
645000
552000
851000
668000
319000
76000
501000
990000
920000
792000
814000
881000
330000
1056000
558000
1056000
1098000
660000
1056000
1056000
1056000
1056000
1056000
264000
990000
661000
712000
824000
792000
1056000
1056000
594000
1056000
892000
587000
847000
132000
727000
809000
264000
16000
687000
627000
601000
66000
800000
1056000
1056000
1039000
720000
1041000
1056000
1056000
1096000
887000
1056000
1048000
1056000
1056000
330000
56000
674000
903000
132000
631000
528000
658000
680000
1051000
1096000
1097000
1056000
264000
696000
396000
613000
644000
1078000
132000
55000
198000
603000
149000
571000
601000
132000
660000
858000
726000
594000
924000
396000
383000
754000
120000
808000
264000
593000
55000
858000
1056000
675000
1056000
792000
1056000
1056000
585000
630000
198000
28000
111000
455000
38000
1097000
415000
715000
607000
66000
565000
2000
198000
85000
164000
28000
264000
131000
4000
297000
636000
792000
594000
261000
6000
17000
660000
641000
264000
4000
590000
594000
376000
835000
730000
880000
924000
1056000
1056000
1056000
858000
726000
1056000
1056000
1041000
726000
1053000
858000
660000
1056000
545000
239000
611000
1010000
1096000
1056000
1056000
1056000
1094000
1056000
1050000
1056000
916000
1054000
1056000
1056000
1056000
1056000
1056000
1056000
1056000
1056000
1056000
1056000
1056000
1056000
1056000
1056000
1051000
1056000
1052000
1056000
1056000
1056000
1056000
1056000
1056000
990000
528000
524000
595000
397000
299000
254000
333000
198000
731000
1000
343000
1092000
1049000
1083000
1016000
582000
1047000
1060000
1080000
731000
1085000
843000
1056000
878000
1068000
1076000
1056000
990000
652000
1050000
1070000
1014000
728000
1088000
1056000
1064000
726000
1056000
701000
1042000
1056000
990000
528000
924000
821000
713000
792000
1056000
1056000
1097000
264000
720000
725000
726000
594000
132000
2000
1053000
1076000
792000
462000
32000
714000
2000
861000
482000
261000
577000
562000
594000
990000
132000
86000
1000
31000
646000
663000
1025000
124000
29000
881000
594000
598000
765000
452000
572000
121000
495000
558000
461000
618000
236000
1000
1056000
963000
1056000
990000
990000
120000
660000
66000
635000
388000
20000
335000
158000
813000
594000
578000
588000
116000
560000
688000
706000
726000
942000
66000
528000
553000
614000
887000
605000
597000
