17938
68887
28411
1171325
1063902
731465
837651
823024
237347
332223
130382
13821
8511
5239
171545
1289716
29426
1320374
1198853
1859627
930380
1010467
662181
3264
8349
1722989
90906
410008
104360
7398
181563
420454
70791
15794
72861
18836
13687
859215
905447
617721
97482
43304
133196
997276
1345457
1460929
1859619
1367828
132882
1529285
1413824
1793468
1726704
1129871
1567960
1861431
66562
66865
1017073
1528221
1348293
987876
1181427
1596085
399261
145927
11511
66386
107722
580954
1328778
1719679
331470
580190
36766
133111
342913
66132
266388
1222982
11488
1106833
108318
5233
1262234
1861071
1860287
1863080
1198712
1859854
132888
861105
930699
8463
18920
16855
54790
