738000
628000
670000
580000
710000
938000
386000
792000
1088000
1042000
976000
594000
660000
1082000
656000
330000
1056000
1056000
1048000
850000
660000
660000
858000
1056000
1014000
594000
1056000
1056000
594000
726000
1092000
1056000
1056000
638000
660000
670000
612000
792000
924000
1038000
594000
582000
648000
990000
786000
924000
584000
1086000
1056000
1082000
880000
1048000
660000
594000
616000
924000
608000
924000
1002000
874000
1056000
1056000
794000
902000
804000
604000
822000
412000
550000
1056000
866000
1042000
992000
1056000
1034000
738000
1056000
758000
914000
1056000
656000
792000
1056000
924000
1056000
1054000
776000
900000
1056000
904000
1056000
560000
554000
1046000
1104000
924000
594000
646000
780000
678000
602000
856000
1052000
540000
1092000
848000
584000
624000
726000
854000
910000
726000
910000
552000
610000
1082000
1102000
716000
1056000
622000
804000
792000
1054000
568000
990000
1098000
1056000
692000
800000
594000
1070000
674000
1056000
930000
1056000
594000
792000
660000
584000
1056000
1056000
1054000
1050000
66000
1056000
1056000
1056000
1056000
1056000
1056000
1056000
1056000
1056000
1056000
1056000
1056000
1050000
1056000
660000
990000
1056000
856000
536000
1056000
1056000
608000
1056000
1056000
1056000
1056000
654000
744000
792000
1102000
1056000
1056000
1056000
1022000
924000
1054000
1056000
66000
396000
1056000
752000
1070000
