1175370
335654
1100672
999968
526630
1846925
452817
934791
1496474
1850109
74826
1008105
1847614
1540199
1765395
1764516
1764424
587320
1249850
1091934
1175317
1847094
1830277
1509433
1598251
1125811
1091791
1835974
1010401
1427692
1848329
1270859
1427170
505174
168297
1426708
1427271
420584
588466
1474562
43342
1244204
1235818
1847299
823682
1426472
315324
1465584
1846842
1472280
1260750
756367
756076
1175301
16451
1115409
167564
554705
1863527
1511829
875932
147739
1427116
1846921
167781
1595182
155846
562473
946007
672604
83573
1617631
1053671
427210
84606
1273307
