1224528
1024990
1007993
335906
1268539
26225
1401041
674310
83826
1028391
997146
84471
671464
807110
151060
1037070
1008332
168418
1008075
1829155
1152836
419898
36553
1008413
504993
990182
1156985
1009895
1010597
159440
37606
1093143
1487211
1092679
1009563
1092681
475111
1764054
718391
2036
168019
100022
999247
1027276
84100
555760
385807
275776
21211
953820
59652
84031
907108
1052337
588642
504544
147504
1596779
413963
23566
1075345
84136
1766249
239485
1646385
263946
1181877
976914
214576
1877975
81970
590071
2956
26439
1372696
608985
61551
50570
969989
1142716
1851706
1204565
31128
588456
35607
1089990
1864324
1851296
1515347
1433195
1224787
84701
840120
30331
1848400
1175876
1877489
1360820
337318
1844535
939567
893015
754120
623629
1426889
1850284
212019
473743
1260566
217830
50943
949689
88925
795044
469185
1031723
1850400
32463
672049
976284
587214
924332
1849384
1110559
1897792
