36646
801770
831231
16506
54113
337650
916306
952
505772
120272
1493907
13577
135959
53757
220871
988
926445
15683
882613
1347173
337219
252056
71782
820970
73164
182927
816786
846076
253724
1009409
336520
1012128
810261
147269
172747
757918
611192
50658
14612
27174
509892
41024
5728
3963
264529
285271
2881
842595
662314
840961
1586112
926528
484377
1346383
84405
813243
808200
1515599
26269
942346
1511751
918993
669701
421470
868572
841902
946306
122049
926057
927754
30356
145009
151856
876867
1912
116741
