2338304
2859534
2337112
1912497
1738722
3095046
864865
2264331
1825685
1862526
2232270
1070484
1756384
1475695
1727346
2236746
2122136
1669593
2548828
1703204
1917332
952966
2209968
2229911
2461167
2811441
860598
2000969
1341052
1496115
377159
1396295
1537497
108006
1569995
1433082
1120485
1590699
697120
1642482
1570908
1126125
462999
45040
1950599
2335719
2027559
1680166
1599775
1535565
1023337
284523
1033712
2086995
1726636
1757895
1251228
2202408
2038246
939249
1485375
2039762
1628933
994045
1066133
1831430
1788116
1704638
1067043
1832150
26484
1806433
2317488
2156503
2122291
1757570
1535147
568929
1657806
1561286
