112955
1082779
1731255
1246165
1915750
2491288
1186896
1939218
1663058
2808345
2060337
2735505
1527664
2015392
2401980
2718367
2315180
2180501
2561672
2892736
2864171
1324894
1021969
2418494
1549043
2001419
2274716
1957193
2885617
2754523
2805927
1421475
1879393
3030847
2953086
2360267
2870952
2847011
2998346
1624403
2170409
2575487
1335095
2538649
1674151
1472539
2141391
2815874
2501595
1826228
864009
3075425
1488575
1998698
1947008
3146526
1801815
2263167
1725658
1706325
2024793
2915746
3072451
2583930
2786935
2368245
2378336
1996694
2314745
1750616
2671205
