22775
15678
15573
20639
4108
7305
30825
39405
4181
48577
23582
17497
69344
50676
45342
7252
69388
12341
46342
25730
6140
37980
10283
90817
91010
91657
90937
91247
91020
90954
46363
82724
91147
91769
46419
63087
54866
90792
91109
91555
90958
12303
91018
52428
70120
84801
12480
15495
10412
55654
2136
87821
23779
2110
84180
46306
45669
69025
3039
9216
79725
4161
7176
34908
9254
8288
2037
43614
11310
31024
10207
1029
37066
46301
58862
10227
69306
36170
38406
74266
2063
26963
4146
14375
4150
4133
3098
40188
17638
37033
