1233000
1365000
1344000
706000
1344000
1144000
1344000
905000
749000
821000
1402000
1344000
1326000
1344000
336000
1344000
1344000
1328000
854000
1344000
252000
840000
168000
1385000
1344000
830000
756000
1344000
1330000
1109000
1344000
1344000
1176000
1344000
741000
1312000
1377000
870000
924000
1347000
1330000
336000
997000
504000
931000
1344000
904000
777000
1008000
916000
861000
1344000
883000
1344000
1328000
813000
1348000
749000
924000
749000
924000
168000
738000
1344000
1362000
720000
1396000
739000
1344000
690000
887000
1351000
1301000
1397000
1344000
1344000
1344000
1338000
1344000
756000
1336000
968000
756000
810000
1406000
729000
1344000
1344000
756000
924000
1344000
1344000
847000
1176000
1344000
817000
1344000
924000
756000
277000
837000
502000
1400000
1344000
1344000
801000
968000
1220000
832000
836000
840000
1344000
1008000
796000
588000
849000
1344000
716000
704000
725000
1148000
924000
772000
1344000
1344000
1348000
1346000
894000
1192000
1344000
971000
826000
553000
856000
1289000
1344000
1348000
1056000
