1765623
2017051
2101442
2101590
2099900
2101709
2100486
1512677
2101584
1514642
1177847
1680193
1776499
2098597
83750
2018218
1176252
2017889
1344017
1767648
1596684
1680628
1936153
2100408
2099514
2100945
1344932
2100373
1398564
1596954
2017766
2018996
2100076
1479244
2016395
1431068
2100869
1094102
2017213
1679130
1512967
1763386
2018446
2101782
2020305
1932540
2018249
2018820
1933481
2100783
2099357
2100322
1596844
2018062
1093386
2018806
1428932
2101294
1763981
2018425
2017426
2100250
2100057
2101462
2099869
2100189
2100223
2018223
2101515
1346524
1932665
2018262
2101277
2100741
2100454
2017654
2100069
2016708
2100937
2101616
2018866
2100755
1933112
1092306
1345410
1176570
1261934
2017298
1595962
2101039
2100188
167678
