133692
2006990
41102
1180330
221022
95560
45731
1176923
506847
1265511
1349469
8948
1316549
275432
2276917
1404848
1690331
2094932
1823201
84335
918553
1907037
1403451
1349174
1508198
1600408
1331378
1927128
1260416
1180651
1856034
1301333
2275670
1674979
1326082
2274454
2273792
1420947
168902
2276714
1048136
1250317
2275273
2022981
869150
971705
1424608
674262
1769659
15421
18897
33404
180060
253499
440993
2274855
1750469
1989497
2273476
2067219
362206
1770994
72963
2254337
879380
1433676
338020
8799
