12000
588000
287000
621000
617000
32000
336000
11000
30000
39000
420000
502000
148000
84000
46000
572000
578000
992000
1064000
657000
924000
806000
125000
1128000
1092000
1001000
420000
1095000
662000
252000
82000
573000
1092000
1097000
402000
644000
168000
1103000
84000
1136000
1092000
621000
588000
1084000
1008000
717000
1092000
237000
588000
564000
1102000
568000
94000
672000
588000
1064000
439000
1092000
1092000
816000
1092000
1050000
953000
751000
644000
6000
645000
1065000
82000
1092000
431000
1092000
336000
700000
756000
1110000
724000
917000
588000
577000
588000
1092000
172000
1079000
61000
305000
1030000
588000
1101000
627000
96000
582000
700000
582000
1092000
84000
10000
672000
727000
1092000
840000
168000
656000
1092000
154000
1092000
672000
999000
725000
779000
791000
588000
588000
1096000
252000
958000
661000
583000
6000
84000
52000
551000
1072000
756000
671000
620000
734000
336000
542000
1092000
840000
12000
1092000
209000
84000
672000
1092000
924000
728000
578000
573000
756000
67000
117000
991000
582000
732000
576000
985000
401000
588000
741000
736000
336000
756000
252000
975000
1104000
1092000
504000
672000
449000
486000
684000
942000
639000
1092000
75000
336000
881000
1083000
588000
1008000
393000
588000
302000
672000
242000
